126
126
126
126
127
128
127
126
125
125
124
125
125
125
126
126
126
126
126
126
124
123
125
127
128
126
126
126
125
124
125
126
126
125
125
126
124
125
126
125
124
125
126
127
125
125
126
126
124
123
125
124
123
124
125
125
124
124
125
125
124
125
126
126
126
122
123
122
122
123
125
125
126
126
126
124
124
123
124
125
124
123
124
124
123
121
122
123
124
124
123
122
122
122
122
122
123
121
120
120
122
121
122
121
121
122
123
125
125
125
125
127
125
123
123
124
123
123
122
122
125
124
123
123
124
123
123
122
121
121
123
125
123
122
125
124
125
125
127
127
125
125
128
128
126
125
126
123
121
123
123
123
123
123
124
124
123
124
126
125
123
122
122
122
123
125
124
123
122
123
123
121
121
122
125
124
124
123
125
124
124
125
125
124
124
123
121
120
120
121
121
121
121
122
125
126
125
126
125
126
126
125
124
124
124
123
121
120
120
119
121
121
123
123
125
125
127
126
126
124
124
124
124
124
123
122
122
122
124
126
125
125
124
124
124
124
124
123
125
125
123
121
121
123
123
125
126
125
126
125
125
124
123
124
126
127
126
128
128
127
123
123
124
125
124
125
125
125
125
125
125
123
123
123
123
123
125
125
125
125
126
126
126
126
125
125
125
124
123
121
122
123
122
122
121
121
123
122
123
124
123
125
125
127
126
128
130
133
135
136
137
139
139
140
142
142
140
136
133
129
123
113
107
97
85
74
64
56
49
47
48
49
54
62
70
81
92
103
116
125
133
142
150
155
157
158
159
161
161
161
160
162
163
164
166
167
167
168
170
170
172
171
170
167
164
158
152
146
138
132
126
121
117
113
109
108
111
111
115
119
124
126
129
129
130
129
126
123
122
123
122
122
124
124
124
124
125
125
125
121
118
115
112
112
111
111
111
111
114
116
117
117
117
118
119
119
118
116
117
116
117
116
115
115
115
114
116
118
118
118
119
117
118
119
121
120
120
122
123
123
123
124
124
123
124
125
126
126
127
128
129
129
129
129
128
127
126
126
126
125
125
124
125
124
123
125
125
126
126
125
126
124
124
124
123
124
123
122
123
124
126
128
130
128
128
129
129
129
128
128
129
128
128
130
131
129
129
128
130
128
127
127
127
126
127
126
126
125
125
125
126
124
123
122
122
121
121
121
121
121
124
124
124
124
125
125
125
124
123
125
124
123
122
122
121
121
122
123
123
124
125
124
125
126
125
125
125
127
127
124
124
123
124
123
123
124
121
120
121
122
121
122
125
125
124
124
123
122
122
121
122
123
123
122
121
121
120
121
122
121
122
123
125
124
124
123
121
123
123
123
123
122
121
121
122
122
123
125
125
125
126
124
125
126
125
125
126
126
125
125
126
126
126
126
126
123
124
124
125
124
124
124
124
124
125
125
125
125
126
126
125
124
125
125
125
125
125
126
123
124
124
123
123
123
122
123
124
123
124
123
124
124
125
125
125
123
122
121
123
122
120
121
122
123
124
124
123
122
122
122
122
121
121
123
125
123
123
124
125
122
121
122
122
121
122
122
122
123
125
124
123
122
122
122
123
125
126
127
126
125
124
124
124
123
123
123
124
124
124
124
123
122
124
124
124
125
125
125
126
126
125
125
125
126
124
125
124
123
124
122
123
121
121
122
123
123
124
123
124
126
125
125
125
125
124
124
123
124
123
122
122
122
121
120
121
121
123
126
126
124
126
125
125
123
122
123
122
123
121
122
123
122
122
122
121
120
121
124
123
123
122
123
124
122
123
123
122
121
121
123
125
125
124
124
124
126
125
123
122
120
119
119
120
119
121
123
123
126
126
125
125
125
125
123
122
123
123
123
125
126
127
127
126
127
127
126
126
125
124
125
126
125
124
124
125
126
125
125
125
126
124
125
126
127
126
126
125
124
125
123
124
125
124
125
125
124
122
122
123
124
123
122
123
124
125
126
126
125
123
123
125
126
126
124
124
125
124
124
125
123
122
121
126
125
123
122
123
122
122
123
123
123
123
123
124
124
123
121
122
123
123
124
125
125
125
124
123
123
123
123
123
123
124
124
124
124
124
125
126
126
128
128
127
125
124
122
122
123
122
122
122
122
121
121
121
121
122
123
124
123
124
124
126
126
125
125
125
125
125
125
123
123
124
124
124
124
124
123
125
125
123
121
123
122
123
124
124
122
124
125
124
124
123
122
124
123
123
124
125
125
124
125
124
123
125
126
126
124
125
125
126
126
126
125
123
120
121
122
124
122
123
124
124
124
125
126
127
126
126
127
126
125
124
125
125
124
122
121
121
121
123
123
124
124
125
123
122
122
122
123
123
122
123
122
121
120
121
121
122
122
123
124
125
125
122
124
123
122
123
121
122
122
121
121
123
123
124
125
125
125
125
126
125
126
124
124
125
123
124
123
125
126
124
125
126
126
124
125
125
125
123
124
125
125
124
123
124
122
124
123
126
126
125
126
126
124
125
126
126
124
122
125
124
124
123
124
125
124
124
123
124
122
121
121
122
124
124
125
126
126
126
126
125
124
124
125
124
124
125
125
125
124
125
124
124
124
124
125
125
126
125
125
124
122
122
122
122
124
126
124
125
127
125
126
125
125
124
124
123
122
123
121
121
122
126
126
125
125
126
125
126
125
123
122
125
126
126
125
126
126
124
122
123
124
124
122
122
121
121
123
125
123
123
124
124
123
124
124
124
123
123
125
124
123
123
123
124
125
127
125
125
124
124
124
126
125
125
125
124
121
122
121
123
122
123
124
124
124
124
123
125
126
126
125
125
124
123
124
123
121
121
121
120
121
123
124
124
123
125
121
123
124
125
124
123
122
124
123
122
122
123
123
124
125
126
125
124
125
124
123
123
124
125
124
125
125
125
124
126
125
124
125
124
122
122
122
123
121
122
124
125
124
123
122
125
126
125
125
125
126
124
124
124
123
124
123
124
124
126
126
125
123
123
124
125
124
123
124
124
125
128
127
127
127
126
126
126
125
125
125
124
122
123
123
121
120
122
123
123
123
124
124
125
124
123
122
125
124
125
125
125
126
126
123
122
123
122
121
124
124
124
122
122
123
124
124
124
124
124
125
125
123
123
121
124
124
123
118
119
119
121
121
122
121
123
124
124
125
125
124
125
124
123
124
124
126
125
123
123
125
125
125
125
125
125
124
125
124
124
125
125
125
124
125
125
123
124
125
125
125
125
124
125
124
123
123
122
120
122
124
122
121
121
120
121
121
124
124
124
124
124
122
123
125
126
125
125
127
126
124
125
126
123
121
123
124
124
124
125
125
123
124
124
123
124
124
124
124
124
123
121
122
122
122
123
122
120
122
123
124
124
124
127
126
124
123
123
123
122
122
124
124
123
125
125
125
124
124
123
121
123
123
124
123
122
122
124
124
123
122
123
124
125
125
125
125
124
124
125
125
124
126
125
126
126
125
123
122
123
124
123
124
124
125
126
125
126
126
126
126
125
126
125
124
124
124
122
122
124
125
126
127
126
127
126
125
125
124
124
123
122
121
122
122
124
125
125
125
126
126
126
126
125
125
124
124
124
124
124
123
125
124
125
125
124
123
124
123
123
124
125
122
121
121
120
121
122
121
123
123
123
124
122
122
122
124
124
124
123
124
122
120
124
123
123
121
123
121
121
122
123
123
122
121
121
122
120
121
124
125
125
124
123
121
122
122
122
124
123
122
123
124
122
123
123
122
122
122
122
121
121
119
120
120
121
122
124
123
122
124
125
124
124
125
125
125
125
123
123
125
124
123
123
123
123
124
124
125
124
126
123
122
123
122
121
121
122
121
123
125
126
126
126
125
126
125
125
125
125
123
123
124
124
122
122
122
122
122
123
122
124
123
122
123
126
126
125
125
124
124
125
125
126
125
124
125
124
123
122
122
122
122
123
125
124
125
126
125
123
122
124
124
124
121
119
119
121
122
122
122
122
122
126
125
124
123
124
122
123
121
122
121
121
121
121
122
121
123
124
124
122
123
123
122
122
122
124
124
125
124
123
124
124
123
123
123
123
124
124
123
125
123
123
124
125
126
124
124
124
123
125
125
124
124
125
125
126
126
125
126
125
124
123
124
125
125
124
125
126
125
125
125
125
126
125
125
125
125
125
125
125
122
123
123
124
124
126
125
124
121
121
123
123
122
121
123
122
122
124
124
122
122
123
122
122
121
121
122
123
123
124
125
125
125
125
124
124
126
125
122
125
125
124
123
123
125
125
124
123
123
125
124
124
124
124
123
125
124
124
123
122
123
125
125
124
125
125
125
124
124
125
126
128
127
125
124
125
126
124
123
125
124
121
122
124
125
124
123
125
126
125
125
125
125
125
125
125
124
123
124
126
124
124
124
124
123
123
123
125
126
126
127
127
126
125
124
123
124
124
124
125
126
125
124
124
124
126
125
125
123
124
122
122
123
124
125
125
127
128
127
123
122
121
118
120
121
123
122
121
123
126
125
126
126
126
125
125
125
124
123
122
121
124
125
126
125
125
125
126
126

