122
121
120
121
122
122
122
122
120
120
123
123
123
123
125
124
122
122
123
122
121
121
122
122
123
123
123
123
124
125
125
124
123
125
124
124
124
123
124
124
124
125
125
125
125
125
126
126
125
125
124
122
122
121
121
122
124
124
124
124
125
125
126
126
125
125
125
125
125
124
124
122
124
124
123
122
125
123
124
125
125
126
127
128
128
128
127
125
123
121
123
122
121
121
121
122
123
125
126
126
126
125
125
124
124
122
123
122
124
123
123
122
123
123
124
122
123
125
126
125
123
123
125
124
123
122
123
122
122
124
125
123
124
123
123
124
124
125
125
125
124
126
127
126
125
126
125
123
122
122
122
122
124
125
126
125
126
124
124
122
123
123
124
126
126
125
124
124
124
123
124
124
125
125
124
124
124
124
123
124
122
121
122
123
122
122
121
121
121
121
122
121
122
122
122
123
126
125
124
124
124
123
124
123
121
118
120
121
122
121
121
122
122
122
123
123
124
123
123
121
123
120
121
120
121
122
123
123
124
124
124
125
125
124
123
122
123
123
125
122
122
123
122
122
123
124
123
122
123
123
124
123
121
121
123
122
123
125
125
125
127
126
126
127
125
126
129
128
127
126
125
124
124
125
125
125
123
123
124
126
125
125
123
123
123
123
123
125
125
125
124
124
125
124
125
124
124
122
122
122
125
125
126
126
126
128
129
129
130
131
133
133
134
133
132
128
125
122
118
113
105
96
87
79
71
64
59
56
57
59
64
68
77
88
103
117
132
144
153
161
169
173
173
173
173
171
170
168
168
167
166
165
168
170
168
167
167
164
164
162
162
158
153
149
143
137
132
126
120
115
110
107
104
105
104
108
111
114
120
124
126
127
128
127
125
124
122
117
114
111
111
111
110
109
111
113
111
113
113
111
110
108
108
108
110
109
110
110
112
115
116
115
114
115
116
113
110
110
110
110
114
116
116
116
117
117
117
116
118
117
116
115
118
120
121
121
123
124
125
124
125
126
127
125
125
126
125
124
123
125
127
129
130
131
131
130
129
130
127
126
125
125
124
122
124
123
122
121
124
124
125
125
125
124
124
125
125
124
125
124
126
128
130
131
131
131
133
133
132
131
127
126
125
125
125
126
125
125
124
122
122
120
121
122
123
123
123
121
121
121
122
120
120
120
122
122
122
121
121
123
122
123
123
124
123
122
122
120
118
119
120
121
120
119
120
122
121
122
124
124
124
124
125
125
123
124
124
122
123
125
126
126
125
126
127
125
123
124
125
122
121
123
123
122
122
121
121
121
122
123
123
123
123
125
125
124
123
123
123
122
123
124
125
123
121
123
124
126
125
124
124
126
125
123
124
126
126
125
125
126
127
125
126
126
126
127
127
127
125
125
124
122
122
124
124
125
125
125
124
123
125
126
127
126
126
127
127
126
125
122
123
122
121
122
124
124
125
126
126
126
126
126
126
125
124
124
126
125
124
124
124
123
122
121
121
120
121
123
123
121
123
124
123
121
124
123
121
121
121
122
124
122
122
123
121
119
120
121
122
121
121
121
119
121
124
123
123
123
124
125
125
125
125
125
125
124
125
127
127
126
127
126
124
125
125
126
126
126
126
125
126
125
126
125
124
124
124
122
123
124
124
125
125
125
126
125
126
125
124
123
123
121
123
123
125
125
123
125
126
124
123
123
122
121
122
122
123
121
125
124
126
126
124
125
125
122
123
124
125
125
125
125
125
123
123
123
124
124
126
126
126
123
124
123
124
124
124
123
124
124
124
122
123
123
123
122
121
120
122
122
124
124
126
126
126
124
123
123
123
120
122
123
123
122
123
123
124
124
124
126
126
127
124
123
123
123
122
122
122
122
121
123
123
123
124
125
125
126
125
122
125
123
122
123
124
123
123
124
124
124
124
125
125
123
123
122
124
122
123
124
124
124
126
125
125
124
125
126
126
125
125
125
125
124
121
122
123
122
122
122
124
123
123
124
123
123
123
122
124
124
123
125
124
125
124
124
124
124
124
123
122
121
122
122
123
124
124
125
126
125
126
126
126
126
126
126
127
126
125
125
125
125
125
125
123
121
122
122
120
120
121
123
125
126
126
125
126
122
122
123
123
122
122
120
121
124
124
123
123
123
124
123
123
124
125
125
124
123
122
122
122
122
121
121
122
121
123
123
125
124
124
125
125
124
125
125
123
122
123
123
124
123
123
123
123
123
123
123
125
123
123
122
122
122
123
122
121
121
123
122
122
122
123
125
124
123
124
124
122
121
120
119
121
124
125
124
125
125
127
125
125
124
125
124
124
123
121
120
120
120
121
122
124
125
125
126
125
125
126
124
124
124
125
125
124
124
124
123
123
123
125
126
126
126
123
122
122
122
122
121
123
123
123
122
124
124
123
124
125
124
122
122
124
125
125
126
127
125
122
121
122
120
122
124
125
122
121
123
123
121
122
123
123
124
125
124
125
127
127
127
127
125
125
124
124
123
124
122
121
121
123
122
123
123
124
125
125
124
124
125
125
124
124
125
124
123
123
124
123
123
126
127
125
125
126
125
124
123
123
123
123
122
121
122
124
123
122
123
124
124
125
125
126
125
123
122
125
124
124
123
125
123
124
125
125
125
124
124
124
124
123
124
125
124
125
125
124
123
122
123
124
122
124
125
126
125
125
126
126
126
125
124
125
124
124
124
123
122
124
124
124
125
126
125
123
123
123
124
125
125
124
122
122
122
122
122
121
122
123
123
123
123
125
124
125
125
124
124
122
121
121
122
122
123
123
123
123
123
121
122
122
121
122
122
122
121
121
122
124
123
124
123
125
125
124
123
124
123
123
124
125
124
122
124
123
121
120
121
121
121
123
126
125
125
124
125
124
121
123
125
124
126
126
125
126
126
124
125
125
124
124
125
125
124
123
122
123
123
124
124
124
125
124
124
126
126
123
124
124
124
125
123
123
122
123
123
121
120
122
122
121
124
126
126
123
124
124
124
124
124
124
123
123
123
123
122
122
123
124
123
122
122
122
121
121
122
121
122
122
123
123
122
124
126
125
125
127
126
124
124
122
121
121
122
123
124
123
122
124
124
125
125
126
125
124
125
126
126
124
126
126
126
125
124
123
120
120
122
123
122
122
122
124
124
123
122
123
124
125
125
125
122
122
122
121
121
121
122
122
124
124
124
124
122
120
119
120
120
120
122
122
121
120
120
119
121
123
122
123
126
126
125
125
124
124
124
123
123
123
124
125
124
125
124
125
125
126
125
125
125
124
125
124
122
122
125
125
123
122
122
122
122
123
123
124
124
125
125
124
123
122
121
121
122
123
123
124
124
122
120
123
124
124
124
124
121
121
121
121
121
123
125
125
124
125
124
124
122
122
122
122
121
122
124
123
122
122
123
123
124
124
124
125
126
125
125
123
122
124
124
124
123
124
125
125
126
126
124
124
122
122
122
123
121
122
121
120
121
123
123
124
122
123
122
122
120
121
121
120
120
120
121
119
120
122
122
124
126
126
128
128
127
127
125
124
122
122
121
121
122
123
123
124
122
123
123
124
125
123
122
121
123
122
121
121
121
122
121
121
121
122
123
123
122
122
122
122
122
122
121
120
121
122
121
120
120
120
120
122
121
120
121
122
122
124
124
123
125
126
124
126
125
124
123
124
124
124
125
124
124
125
125
125
125
124
124
122
122
123
122
122
122
123
124
124
123
124
124
124
123
124
122
122
123
123
121
121
121
121
123
124
125
124
124
125
125
123
123
123
122
121
120
122
122
121
122
125
125
123
124
125
126
125
124
123
122
122
121
120
119
120
121
122
123
124
124
124
125
126
126
127
125
124
125
125
122
123
124
124
124
125
124
123
122
123
122
124
123
121
121
121
122
122
125
124
124
124
125
125
125
124
123
124
124
125
123
125
123
123
123
124
122
121
121
121
122
123
122
122
122
123
121
120
122
124
125
124
123
124
124
124
123
122
122
124
124
125
126
126
126
125
125
125
125
126
126
127
126
126
126
127
125
124
123
124
124
125
125
127
126
127
126
127
128
126
126
127
126
126
125
123
122
121
122
123
124
126
124
121
121
124
126
126
125
125
125
124
123
124
125
124
122
122
122
122
121
124
125
124
124
125
122
124
123
124
124
123
122
123
123
122
123
125
124
124
125
125
123
124
123
124
125
122
121
122
122
122
123
123
123
124
125
126
125
126
126
127
126
124
123
123
122
122
123
123
122
123
122
123
123
124
125
125
124
124
124
125
124
122
122
122
122
122
123
124
124
125
123
123
124
124
123
124
125
126
126
124
125
126
123
123
122
122
122
122
124
127
127
126
125
125
124
124
122
123
121
123
123
122
122
123
124
123
122
123
123
124
124
124
123
124
123
123
122
123
123
124
123
124
123
123
124
124
123
123
123
124
124
124
121
123
125
124
125
126
126
126
125
123
123
123
124
124
124
123
122
125
126
127
126
125
126
126
124
124
124
125
124
124
123
125
125
125
125
124
125
126
124
122
123
123
122
122
122
122
122
121
122
124
123

