127
127
127
128
128
129
128
128
127
126
127
129
128
130
129
130
129
131
130
130
130
130
130
131
129
127
127
127
127
127
126
129
129
130
130
131
129
128
128
128
129
129
130
129
128
126
127
127
128
127
127
128
129
128
130
130
130
129
129
130
130
130
130
131
131
131
130
130
129
129
129
130
128
128
128
130
129
127
128
129
128
127
128
127
125
125
125
126
126
127
127
127
126
127
127
126
128
128
129
129
127
126
129
129
129
129
130
129
128
128
127
126
129
129
129
130
130
130
130
130
130
130
130
129
128
127
128
127
127
126
127
128
128
130
131
130
128
127
127
127
126
126
128
130
129
129
129
130
129
128
128
129
128
127
128
129
128
128
128
129
129
128
128
128
127
127
126
126
127
127
128
129
128
128
128
129
129
128
128
129
128
129
131
129
127
126
127
127
126
127
128
128
126
125
125
124
124
126
126
127
127
127
127
127
126
127
127
128
127
126
126
127
126
125
125
126
127
128
128
128
128
128
128
129
128
128
127
127
127
127
127
128
128
129
128
129
129
130
129
128
128
128
128
129
129
130
128
128
129
129
128
128
129
128
128
129
128
128
129
129
128
128
126
127
127
126
127
130
132
131
130
131
130
129
129
129
129
129
127
129
129
129
130
132
130
129
130
131
130
130
130
131
129
128
125
125
125
125
126
126
126
126
127
128
126
125
127
128
127
129
129
130
132
135
138
144
150
156
162
165
167
170
173
171
168
163
155
143
132
121
107
96
83
73
63
58
53
51
51
55
61
66
72
80
86
93
97
103
108
110
112
116
119
120
123
126
129
131
135
139
143
147
152
157
162
167
170
174
174
171
169
164
156
149
144
138
135
131
127
128
129
131
135
139
142
145
147
146
144
142
141
140
136
136
135
134
134
134
134
136
136
138
137
135
132
132
132
132
128
126
126
127
128
130
132
132
131
132
130
128
126
127
125
124
125
125
123
122
125
126
125
125
122
121
119
119
119
118
118
119
120
121
121
123
123
122
121
122
125
123
125
125
125
125
125
128
130
131
133
133
131
128
128
128
127
125
126
126
126
127
127
127
125
126
125
126
127
125
122
123
122
121
121
124
126
127
126
126
127
126
127
129
130
129
130
130
130
131
131
129
129
131
133
134
136
135
134
133
132
131
130
130
130
129
129
129
130
130
128
127
128
130
131
130
128
128
128
129
129
128
129
131
132
131
129
130
131
129
128
129
129
128
126
126
127
129
130
131
129
127
126
126
124
124
125
127
128
127
128
129
128
126
126
126
127
128
127
129
128
128
127
127
128
126
124
125
125
126
126
126
126
128
128
129
129
128
128
128
127
124
126
126
127
127
128
127
127
127
126
127
126
126
126
129
128
129
129
129
128
128
129
129
129
130
130
128
128
127
127
127
126
126
128
129
129
130
130
131
131
132
132
131
130
130
131
129
127
127
128
130
129
128
129
127
127
129
131
132
131
131
131
130
129
131
130
130
130
131
129
127
126
128
127
128
128
127
127
130
133
132
133
132
132
128
127
125
125
127
125
127
127
125
127
130
128
128
128
127
128
128
129
127
127
128
130
130
129
130
131
132
131
132
131
131
130
131
130
129
128
127
129
130
128
130
130
129
127
126
127
128
129
128
130
128
127
127
130
128
129
129
129
128
127
127
129
131
131
132
132
130
130
131
131
130
130
131
129
129
130
132
130
130
130
130
131
130
129
128
128
130
130
129
129
131
130
130
130
130
129
131
131
129
128
128
128
130
130
130
130
130
128
130
131
131
129
128
129
129
128
128
129
129
128
128
130
129
128
128
127
126
127
128
130
128
126
126
125
126
125
125
126
127
127
126
127
126
126
126
129
131
130
129
129
130
128
128
130
129
128
129
129
130
129
130
131
130
129
128
128
128
128
128
128
129
127
130
130
130
129
130
129
128
126
126
127
128
128
129
129
129
129
130
129
129
130
131
131
132
131
131
130
129
128
126
126
126
127
127
128
130
128
128
128
128
129
128
126
129
129
127
126
127
127
126
125
127
126
126
127
128
128
127
128
130
130
129
129
128
127
126
127
129
130
130
129
131
132
131
131
132
130
129
129
127
128
129
130
130
129
128
129
129
129
131
131
131
131
130
127
127
128
130
130
130
129
130
130
129
129
128
128
128
129
130
131
131
130
132
131
132
130
130
130
132
132
130
129
128
128
126
127
127
128
128
128
127
128
127
128
128
129
129
129
129
128
128
126
126
127
127
129
130
129
128
130
129
129
129
131
133
132
132
131
132
130
130
128
129
128
128
130
132
129
129
129
129
128
128
129
131
130
130
128
127
127
129
129
128
126
127
126
125
127
126
127
128
128
127
125
126
127
127
128
128
129
129
130
129
129
130
129
128
127
128
130
130
127
127
127
127
127
129
131
131
130
131
132
130
129
130
129
128
128
127
125
125
125
125
125
126
128
127
128
129
128
128
127
126
126
126
126
128
129
128
126
127
128
128
130
130
130
130
130
130
128
128
129
128
128
129
131
131
130
131
131
131
129
128
130
130
129
130
132
131
129
129
129
129
128
127
127
127
128
128
128
127
127
128
128
128
127
127
127
129
128
128
127
127
127
127
128
129
130
131
130
129
129
127
127
128
128
128
129
130
129
130
130
132
131
131
129
129
129
129
127
127
127
128
129
128
127
126
126
126
127
128
128
130
129
128
126
126
125
126
126
126
126
127
126
128
129
128
128
130
129
129
128
129
128
128
129
129
127
126
128
128
126
125
127
127
125
127
129
130
130
131
130
129
128
129
130
130
128
127
128
129
128
128
129
129
129
129
130
130
128
128
127
127
127
127
129
129
129
130
131
131
130
130
129
130
130
131
129
130
128
129
129
129
129
129
130
128
128
128
126
127
127
128
128
129
128
127
127
127
127
127
128
130
129
128
127
127
126
125
127
126
126
125
125
126
126
127
127
128
129
129
129
129
128
126
126
126
126
127
128
131
131
130
129
130
131
131
130
128
128
126
127
126
126
124
125
126
125
127
128
129
128
129
130
128
126
127
127
126
127
127
126
126
127
130
130
129
128
128
126
126
128
126
125
125
127
128
128
127
127
129
128
129
130
130
127
127
127
126
126
126
127
126
126
126
126
127
128
129
129
129
129
127
127
126
127
129
130
131
131
129
128
127
129
129
129
128
129
130
129
130
129
129
129
128
129
129
129
127
128
128
127
125
125
125
125
126
126
129
128
128
131
132
132
131
131
130
129
128
129
127
126
127
127
126
127
127
127
128
128
130
131
131
130
130
130
131
130
129
128
128
127
127
126
129
129
130
130
131
132
132
130
129
128
127
128
129
128
127
128
128
127
128
126
128
128
127
129
129
129
129
128
129
128
128
128
126
126
126
126
127
127
124
121
124
126
127
126
127
127
128
129
129
129
128
127
126
126
126
128
129
126
126
128
129
129
128
129
129
126
128
128
129
128
128
127
127
127
127
128
129
129
131
131
129
127
127
127
126
126
126
127
128
127
128
129
130
129
130
130
131
131
130
128
127
126
126
126
127
127
127
127
126
127
127
128
129
131
131
133
132
131
129
129
128
126
126
126
128
128
128
129
131
131
130
129
131
130
129
129
128
126
126
125
125
126
125
127
127
127
128
126
129
130
129
130
131
129
130
130
130
129
128
128
127
127
127
128
131
132
131
130
130
129
130
130
131
129
128
129
129
129
128
128
128
128
128
129
130
130
130
131
133
134
133
132
131
129
127
126
126
127
126
126
128
127
128
128
128
128
127
128
128
128
128
126
127
128
127
126
126
126
127
126
125
126
126
128
129
129
128
128
130
131
128
129
129
129
129
129
130
129
128
126
128
128
128
125
127
129
129
128
130
129
128
129
129
130
130
129
129
127
127
127
128
129
129
128
127
126
126
127
127
127
126
127
127
127
127
127
127
127
127
127
128
128
129
129
129
127
126
126
128
127
128
127
126
125
126
128
129
128
126
125
126
126
126
126
125
126
128
129
127
127
127
127
128
128
128
129
127
126
127
126
127
127
127
127
128
130
129
127
127
129
130
128
127
128
128
128
127
126
125
125
127
128
130
131
129
129
128
129
128
127
127
127
127
126
126
129
129
129
129
129
129
130
131
130
130
128
128
128
128
128
128
128
130
130
131
130
131
129
130
130
130
128
128
128
130
127
127
126
128
127
127
129
129
127
128
130
130
130
131
133
130
129
130
130
130
130
130
129
129
129
128
127
126
127
126
127
127
128
128
129
129
129
127
127
128
128
129
129
129
129
130
128
128
126
128
128
128
128
129
129
129
128
127
125
124
125
125
127
126
126
128
126
128
128
128
128
128
128
128
127
127
128
128
129
128
127
127
127
128
128
126
126
128
128
128
128
127
127
127
128
130
128
128
129
129
128
127
125
125
128
127
128
129
130
131
129
131
131
129
128
127
129
128
130
131
132
131
129
128
128
129
128
127
126
127
127
129
131
129
131
131
129
129
127
127
126
125
125
125
126
129
128
128
129
129
130
128
128
127
126
127

