117
118
118
119
121
122
122
123
123
123
121
123
123
123
122
120
120
119
118
119
119
119
118
118
119
120
121
121
121
122
122
122
121
120
119
119
117
115
114
115
116
118
118
120
121
121
121
120
119
119
117
116
119
119
118
119
120
122
121
120
119
119
118
118
118
118
118
119
117
117
116
116
115
117
119
120
119
119
119
119
119
120
119
117
118
119
119
119
119
119
119
116
115
117
116
116
118
119
119
117
118
118
119
119
121
121
120
119
119
120
117
116
116
117
115
116
116
117
119
119
119
120
119
120
121
122
120
119
118
120
120
119
119
120
119
120
118
118
117
116
117
117
117
118
120
120
118
119
119
118
116
117
116
115
114
116
118
118
118
117
118
118
118
119
117
117
117
119
119
119
118
118
117
119
120
119
119
119
118
118
117
118
117
117
117
118
119
119
118
120
121
120
120
121
120
119
119
117
116
117
117
118
117
119
119
119
119
118
119
119
118
118
118
119
118
119
119
119
117
118
119
120
118
116
116
118
117
117
117
117
115
118
119
120
120
119
119
119
117
120
121
119
119
122
122
122
120
122
121
120
120
121
119
120
118
117
117
118
118
118
118
119
120
122
122
121
122
122
121
121
120
120
120
119
118
119
120
119
119
120
118
118
119
119
118
120
119
119
118
117
118
118
117
117
118
118
118
120
121
121
121
122
122
121
121
121
120
122
120
119
118
119
116
114
110
105
103
99
92
85
79
77
73
71
72
76
80
87
100
113
125
138
150
164
174
180
186
192
194
192
188
184
180
176
170
165
157
152
147
145
141
138
136
134
131
131
130
127
124
124
119
113
106
101
94
91
87
85
80
77
77
81
86
91
98
102
107
112
116
118
119
120
118
114
111
109
106
105
103
103
104
104
106
108
109
109
109
109
109
109
108
108
106
107
109
112
113
114
114
117
117
117
116
116
114
113
114
116
117
117
116
116
117
120
122
123
123
123
125
125
124
124
125
123
122
124
125
126
126
126
128
126
126
124
125
125
125
124
125
124
122
124
124
124
123
123
122
122
120
119
119
118
118
120
121
120
121
124
124
122
121
122
120
119
120
121
121
120
122
123
125
124
125
126
124
123
123
122
120
118
116
113
113
115
114
114
115
115
116
115
117
116
115
114
113
113
111
110
111
113
115
115
118
119
119
120
119
120
121
121
121
121
119
117
117
119
117
117
118
117
117
117
116
115
116
116
119
121
121
122
120
120
118
118
118
118
119
118
119
119
120
121
121
121
120
117
115
115
114
114
116
117
116
118
117
117
118
121
122
124
123
123
122
121
120
118
118
119
119
119
120
121
120
120
120
121
121
120
119
119
119
119
119
120
121
120
119
119
119
119
118
119
120
120
120
120
120
120
121
121
120
120
119
119
117
117
116
117
119
117
117
117
118
118
119
119
117
117
118
119
121
119
118
118
117
118
119
120
119
119
121
121
120
119
119
119
118
117
118
119
119
119
117
117
117
117
118
119
119
119
117
117
117
118
117
118
120
121
120
119
118
119
119
117
117
116
117
118
119
119
118
120
121
120
119
120
119
119
117
118
118
119
119
118
119
119
119
119
118
117
116
117
118
118
119
119
118
120
119
121
122
123
120
119
120
118
116
117
117
117
118
121
120
120
121
120
120
120
119
120
120
121
120
121
118
116
116
118
117
117
118
119
119
119
121
122
121
122
121
121
120
120
121
119
117
117
118
119
119
119
119
119
119
119
119
119
117
117
119
120
120
121
120
120
119
119
118
119
120
121
121
120
120
120
119
119
118
117
116
116
116
118
117
117
118
117
117
119
120
120
122
122
121
121
119
119
119
119
117
118
118
118
118
119
119
117
117
120
120
118
118
118
119
119
116
118
118
118
117
120
120
119
120
120
118
116
116
116
115
116
118
118
120
121
120
120
119
120
120
120
119
119
119
120
119
120
120
119
119
120
119
120
120
120
119
118
118
120
119
119
117
118
117
118
116
117
117
120
121
119
119
121
119
118
117
117
118
119
118
118
120
119
117
117
120
121
120
120
121
120
118
116
117
118
117
118
117
117
117
121
121
120
119
120
120
119
118
119
119
118
116
117
119
118
118
119
120
119
118
119
118
119
119
117
114
114
117
119
120
120
120
120
117
117
120
121
119
117
117
116
115
114
116
119
120
120
120
120
119
120
122
120
120
120
119
119
118
119
119
118
117
119
119
119
119
118
116
114
115
116
116
114
117
120
121
122
120
119
117
118
117
117
117
118
119
119
118
118
117
118
116
118
119
120
118
120
119
118
118
118
118
117
117
117
117
116
116
118
119
121
120
121
119
118
119
119
117
117
118
118
118
118
119
119
119
118
117
118
119
118
119
119
117
117
119
119
119
120
119
120
120
121
120
119
118
118
121
121
119
118
117
117
118
119
120
121
121
121
119
118
117
118
117
117
116
117
118
117
115
116
116
118
119
119
119
119
119
120
119
119
121
120
119
119
119
121
120
119
120
118
117
117
115
114
115
116
118
119
119
119
118
118
117
118
120
119
119
120
121
120
122
121
119
119
119
119
118
118
117
118
119
119
119
120
119
118
119
121
120
119
119
119
119
119
119
119
119
119
119
120
117
115
115
115
114
115
117
118
119
119
119
118
117
118
118
117
116
115
116
116
117
117
118
118
121
122
121
122
120
120
119
119
120
119
118
119
117
117
118
118
118
119
119
121
120
120
119
120
118
117
116
115
116
119
118
118
118
119
120
121
120
119
119
119
118
116
115
114
115
114
116
117
117
118
119
121
121
121
119
119
120
119
117
120
120
119
119
119
118
116
116
118
116
116
117
119
116
115
116
117
117
117
118
119
119
119
121
119
119
119
120
121
119
120
121
120
119
120
121
120
120
120
121
119
118
118
120
120
118
117
120
119
119
120
120
120
118
119
120
118
117
118
118
117
114
115
116
117
117
118
116
114
116
117
116
118
118
120
119
118
120
120
120
119
119
119
118
116
116
117
118
119
120
119
118
120
120
121
121
121
119
117
116
116
115
115
113
117
116
116
116
118
120
120
119
120
119
118
118
118
120
120
119
119
119
119
119
120
119
118
117
117
116
116
117
116
116
116
117
116
118
119
117
117
117
118
119
119
117
116
117
117
116
119
120
119
119
118
117
116
116
117
119
119
118
119
121
121
121
122
121
122
120
120
118
118
118
119
119
119
118
117
118
119
119
119
121
120
120
120
118
120
122
120
120
119
120
121
121
120
120
120
120
118
117
119
118
121
120
118
119
119
118
117
118
118
119
118
118
118
118
118
118
119
117
117
119
120
118
120
119
119
119
119
119
120
121
119
119
119
116
115
116
118
118
119
120
119
118
119
121
121
121
121
118
118
116
118
120
120
119
121
122
120
118
119
120
120
120
119
117
115
117
119
117
119
120
122
120
120
120
120
117
119
119
118
117
117
118
118
117
117
117
119
118
117
117
117
116
118
118
119
120
121
120
121
122
123
121
121
121
119
119
118
116
118
117
119
118
119
121
120
121
121
119
116
116
115
115
116
118
119
119
118
119
120
120
121
120
121
119
119
120
119
119
119
119
119
116
115
116
117
117
119
120
118
116
116
118
117
116
118
119
119
118
118
117
118
118
120
120
120
118
118
118
117
116
115
114
114
114
114
114
116
118
119
119
120
121
121
119
118
118
119
120
121
121
120
118
119
120
120
120
119
119
120
119
117
119
119
118
119
119
120
119
120
121
119
118
118
118
119
118
119
118
116
117
119
120
119
119
120
120
120
121
122
121
121
120
118
117
119
119
119
119
119
119
122
121
120
120
119
118
117
118
117
116
116
116
117
117
118
119
119
118
120
120
119
119
117
117
117
115
115
116
117
118
119
119
120
120
120
119
119
119
119
116
116
116
117
116
118
118
119
119
122
124
122
123
123
120
120
119
119
123
123
122
121
121
120
119
120
119
120
118
118
117
117
116
116
117
118
118
118
120
121
121
123
122
120
119
118
117
116
117
119
118
119
119
120
120
120
119
120
119
119
121
119
118
117
118
117
116
118
118
119
120
120
120
120
120
119
119
117
117
117
117
115
115
118
118
118
117
119
120
119
119
120
121
120
120
120
119
117
116
119
117
118
116
117
118
119
120
121
120
120
119
119
119
116
118
118
117
116
117
119
118
117
116
115
116
115
117
119
119
119
121
123
122
121
118
118
117
117
116
116
116
115
116
116
116
118
120
122
121
121
121
121
120
121
120
120
121
121
120
120
119
117
118
119
119
120
119
120
122
122
120
120
120
121
120
119
119
119
118
119
119
120
116
115
115
116
117
116
117
117
118
117
117
116
115
115
118
118
118
119
119
120
122
121
121
119
119
118
118
117
118
119
119
117
117
120
119
120
117
117
118
118
118
119
118
120
121
123
122
122
120
120
119
119
119
120
119
118
118
117
119
119
120
119
120
120
119
117
116
117
118
118
119
120
121
122
122
122
121
121
121
122
120
118
118
119
120
119
119
121
120
121
121
120
119
118
118
117
116
117
118
120
119
120

