137
137
139
139
136
136
136
135
134
134
134
135
135
135
137
141
142
142
143
142
139
139
139
138
137
137
136
137
136
137
138
137
135
136
136
136
136
136
138
139
138
138
136
136
136
138
136
134
134
134
136
137
138
137
136
136
138
138
139
138
136
137
137
136
135
136
137
136
136
137
137
137
137
139
140
139
139
138
138
139
139
140
140
140
139
139
138
139
138
137
136
137
136
136
137
139
140
138
139
140
139
139
137
136
136
135
134
137
137
137
138
137
136
136
138
139
139
139
141
141
141
141
140
140
140
140
140
137
136
137
140
140
138
136
136
136
136
136
135
137
137
138
138
139
138
138
139
136
137
138
137
137
138
137
136
137
138
141
141
141
141
140
141
140
138
138
137
138
137
136
134
136
134
135
137
138
138
136
136
136
138
137
136
134
134
134
135
137
135
134
133
133
132
133
136
137
138
137
137
138
137
136
136
138
136
136
136
135
135
135
137
137
137
137
135
133
134
134
134
136
138
139
139
137
136
135
136
136
137
138
138
136
135
137
137
137
136
137
137
137
136
137
139
137
136
136
135
136
135
135
136
136
134
135
136
136
136
134
134
133
136
139
137
138
138
137
137
137
136
139
140
138
138
137
136
134
133
133
134
133
136
136
137
136
134
135
135
135
135
136
136
137
138
139
138
138
138
138
139
139
140
138
137
137
137
138
140
139
141
144
146
146
149
155
159
162
165
168
167
165
162
155
147
138
126
114
103
92
81
70
60
55
51
53
56
60
68
78
88
98
110
122
131
139
147
152
155
157
159
161
163
163
165
167
171
173
173
176
178
179
181
181
183
184
183
182
178
173
168
161
155
147
139
134
132
128
127
126
129
132
135
141
146
150
151
152
153
151
148
146
145
142
141
139
139
138
139
142
141
140
140
141
140
138
137
137
135
133
132
131
132
131
130
130
129
128
130
129
128
126
125
123
123
124
124
124
125
126
127
128
131
132
132
130
131
130
130
130
130
131
131
133
135
136
136
138
138
137
136
137
139
139
139
138
138
141
142
142
142
140
140
139
138
135
134
134
135
136
136
137
138
138
138
139
137
136
134
136
136
136
137
137
139
140
140
142
142
143
142
142
143
145
144
144
143
142
142
142
142
140
139
141
143
142
142
144
144
143
142
139
138
138
136
136
138
136
135
134
135
136
136
136
137
136
136
137
138
138
138
137
137
136
135
136
136
136
136
136
136
138
138
137
136
137
138
139
139
138
138
140
142
142
140
139
139
137
136
136
134
133
133
135
137
136
136
138
137
136
136
136
135
134
134
134
133
133
134
133
133
134
137
139
137
134
135
134
133
135
137
140
139
137
137
137
137
136
137
137
137
137
138
137
137
137
139
140
140
140
140
138
137
135
135
136
137
138
138
137
136
138
138
137
137
136
137
136
136
136
138
139
140
141
142
141
140
140
139
137
138
138
136
135
138
137
137
137
137
138
138
138
139
139
139
139
139
138
137
136
137
135
135
137
138
138
137
136
137
138
138
139
138
137
136
136
137
139
138
137
135
135
136
135
134
134
136
138
137
136
136
136
138
140
139
139
139
136
138
138
138
137
136
136
136
136
135
135
137
138
138
136
135
137
138
138
138
137
135
135
137
137
136
136
137
136
135
135
136
136
136
135
135
137
139
139
139
138
138
138
139
140
139
139
138
137
137
134
134
135
135
136
136
135
136
137
137
136
137
138
137
136
136
138
138
137
138
139
138
137
137
139
140
141
142
142
142
140
139
139
138
137
137
139
140
139
139
140
140
139
139
139
138
138
138
138
138
136
137
137
136
137
137
138
137
135
135
137
138
137
138
139
141
139
138
137
137
136
137
137
136
135
133
134
136
137
138
138
138
138
140
141
139
139
140
137
136
136
137
136
135
136
137
137
138
138
138
138
140
140
141
138
138
135
135
136
136
135
135
134
136
138
138
136
136
136
136
136
136
136
136
139
138
138
138
139
138
137
137
137
137
137
136
136
138
136
135
136
136
135
134
133
135
138
138
139
138
138
137
138
139
139
138
137
135
136
138
139
135
135
137
139
140
141
140
138
138
138
137
137
137
138
137
136
136
138
138
138
136
138
140
138
138
137
138
138
137
138
137
136
136
136
136
137
138
139
140
138
140
138
137
135
137
138
138
137
138
137
136
136
137
136
137
139
139
138
137
137
136
135
136
138
138
139
137
137
136
136
137
137
138
137
136
138
138
136
136
136
138
138
137
136
138
137
135
137
139
138
137
137
136
136
135
136
135
134
134
136
136
136
136
136
138
137
138
139
137
137
137
137
138
138
139
138
138
138
138
138
140
140
139
139
139
139
139
138
141
141
139
138
137
135
133
135
138
136
135
136
136
137
139
139
141
139
138
136
136
135
133
134
136
135
135
136
137
137
138
137
138
139
136
137
137
136
136
136
136
133
134
136
136
135
136
138
141
142
140
141
140
138
136
137
136
135
135
136
137
136
137
137
137
138
138
138
139
139
138
140
140
139
137
139
139
138
139
139
138
138
137
136
136
137
137
138
140
142
141
139
137
138
139
139
138
137
138
138
137
135
139
139
139
139
139
139
139
139
139
139
140
140
138
137
138
139
139
139
139
139
138
139
138
137
136
137
138
137
137
138
138
138
138
138
139
138
138
137
135
135
137
137
138
137
135
136
139
140
140
140
140
139
138
139
140
139
138
138
136
136
134
135
134
132
132
133
135
135
136
138
138
138
138
136
135
136
136
137
135
134
135
136
136
137
138
137
138
139
139
138
138
137
137
138
138
137
137
137
139
140
137
138
139
139
138
138
138
137
139
139
139
138
137
137
138
137
136
136
135
136
136
134
135
136
135
136
136
135
135
136
137
137
137
138
138
138
136
133
134
137
136
136
136
136
137
138
139
136
135
136
135
134
135
137
137
136
136
137
136
135
136
135
135
134
134
135
135
136
135
137
138
137
137
138
139
138
139
138
137
135
136
137
137
136
136
138
138
138
138
139
139
138
139
138
138
135
135
134
136
136
136
137
136
135
135
136
138
138
138
138
137
136
135
135
137
139
140
138
137
136
136
136
136
136
136
137
138
137
137
137
138
137
137
138
138
138
137
137
137
135
135
137
137
136
135
136
135
135
136
136
135
138
137
136
138
136
137
138
138
137
135
135
135
135
135
138
137
136
137
138
137
135
135
136
137
135
135
137
135
135
136
136
135
135
135
136
137
136
138
137
137
137
137
138
135
135
136
136
137
138
137
136
138
136
137
136
136
135
137
137
137
137
137
138
138
138
139
140
141
140
140
141
141
139
137
137
136
136
137
137
135
137
137
138
138
137
137
138
139
138
138
139
137
139
140
138
137
138
135
136
136
135
136
138
138
139
138
139
141
140
140
140
139
137
138
139
139
139
137
136
135
136
138
139
138
138
137
137
138
137
137
137
137
137
136
138
138
139
138
137
139
140
140
140
138
138
137
137
138
137
136
135
136
139
139
138
138
139
137
134
134
135
135
136
137
138
140
139
141
142
139
139
139
139
137
137
137
137
136
137
139
139
138
138
139
140
139
139
141
139
139
138
137
136
136
137
137
136
137
136
138
138
138
138
137
136
135
138
139
138
135
136
136
135
135
136
139
137
138
138
138
136
137
137
137
137
137
137
137
136
136
138
140
138
138
137
136
135
137
136
136
136
136
136
136
136
138
139
140
138
139
139
141
140
139
138
138
138
135
135
135
134
136
137
138
139
139
139
139
136
135
135
135
137
139
140
138
137
135
137
138
137
137
137
137
139
139
139
138
138
139
138
138
138
140
138
140
139
138
139
138
139
139
138
137
138
135
137
137
135
135
135
136
136
138
139
139
138
137
137
136
137
137
139
138
138
140
140
139
137
137
138
137
137
135
136
135
135
134
134
135
135
136
137
137
137
135
135
134
132
135
136
137
137
136
137
136
137
138
138
138
137
136
136
136
135
135
135
135
135
134
135
137
138
138
138
138
136
135
134
136
137
139
137
137
137
137
136
137
139
139
138
137
138
138
139
139
138
136
136
137
138
137
137
136
135
136
138
138
139
138
137
136
136
138
138
138
137
135
135
136
136
135
134
138
137
136
135
136
138
138
138
139
138
137
137
138
137
135
134
136
136
135
136
137
137
138
137
137
139
141
141
139
138
140
140
140
137
137
137
137
136
136
137
137
138
139
138
138
139
140
138
139
140
139
137
136
135
136
136
137
137
135
135
135
135
136
136
137
136
137
139
140
139
137
137
139
138
137
137
137
135
134
136
138
139
138
139
141
140
143
143
142
141
138
139
139
140
138
138
138
137
138
138
138
138
138
140
140
138
136
137
138
137
135
136
138
137
136
137
136
135
133
135
138
138
138
137
136
137
137
136
136
137
137
137
136
136
137
136
133
133
133
135
136
138
137
138
138
138
139
139
139
138
136
136
138
138
137
139
138
138
140
138
137
136
136
135
136
138
138
139
139
138
139
139
140
138
138
137
137
136
136
135
136
136
136
137
138
138
139
139
140
138

