126
127
125
126
125
126
125
127
128
128
127
129
128
126
125
125
125
126
127
127
127
126
125
124
124
125
126
125
127
127
126
125
126
125
125
125
125
125
126
126
127
125
126
126
126
126
126
126
126
127
125
126
126
124
124
124
124
125
127
127
127
127
127
126
124
125
125
126
124
124
125
126
125
125
124
126
124
123
123
124
124
124
124
125
125
125
125
125
126
127
128
130
130
131
131
131
129
130
128
127
125
127
129
128
127
126
125
125
126
125
126
126
126
127
125
125
124
124
125
127
127
125
125
126
127
125
126
127
126
126
125
126
127
126
126
125
123
124
123
123
123
123
123
124
124
124
125
127
126
125
125
125
126
126
126
127
127
126
127
127
126
123
124
126
128
128
126
125
125
125
125
126
127
124
126
126
126
126
125
127
126
126
125
125
126
126
126
126
126
125
125
126
126
127
128
128
127
126
126
124
123
123
124
124
122
122
123
124
124
127
126
127
128
127
129
129
127
126
124
125
126
124
125
125
125
126
126
125
126
127
126
125
126
127
126
125
123
122
123
124
123
124
124
124
125
126
126
126
126
127
128
130
129
128
127
126
125
125
125
127
127
127
127
128
127
126
126
125
126
125
127
127
126
126
126
125
125
126
126
126
125
125
126
125
124
125
125
124
122
124
125
124
126
126
128
128
127
127
127
127
128
127
126
125
125
125
124
121
121
120
117
114
109
107
105
105
101
101
103
106
110
117
124
133
142
153
163
175
184
193
198
203
202
200
197
191
181
172
163
151
143
134
126
122
116
112
108
105
103
100
98
97
95
94
91
89
88
85
82
83
81
80
81
82
83
85
87
93
98
102
107
112
119
123
126
130
129
128
127
126
124
120
117
116
114
114
115
116
118
119
123
124
124
125
123
125
125
124
126
127
127
127
126
129
130
128
128
129
130
130
131
131
131
130
130
131
130
131
134
135
134
135
137
138
137
137
136
136
136
136
136
137
138
137
135
135
135
134
134
134
133
132
130
130
130
130
128
129
129
129
127
126
124
124
121
121
119
118
119
125
125
125
126
127
129
127
128
129
128
128
128
129
130
131
130
129
127
128
126
126
125
126
125
125
124
124
124
123
120
119
119
120
120
122
122
121
120
121
123
122
121
122
122
122
121
121
122
124
125
127
126
126
126
127
128
129
131
130
128
127
128
126
126
125
126
125
125
124
123
123
124
126
127
126
124
125
127
127
128
128
128
126
125
124
123
123
124
125
125
125
125
126
126
127
126
126
127
128
126
125
126
128
129
128
129
129
127
128
128
128
127
128
129
127
126
125
125
127
127
127
126
125
125
126
126
126
126
127
128
129
129
127
126
126
124
124
126
124
123
124
123
122
122
124
125
124
123
124
124
124
124
125
126
125
125
125
124
125
124
124
123
122
121
121
121
123
124
126
127
126
125
127
126
127
127
127
128
128
127
125
124
123
124
124
126
125
127
127
127
126
126
126
126
125
125
126
126
124
124
124
126
125
125
123
123
123
123
125
125
124
124
125
125
125
123
122
125
126
126
127
128
126
128
130
128
127
127
128
126
127
126
126
124
123
122
123
123
124
125
126
126
127
127
125
122
123
125
126
124
123
122
124
124
124
124
126
126
125
125
124
123
123
124
124
121
122
124
124
124
123
123
123
122
122
122
123
124
124
124
123
124
124
126
126
126
127
127
126
126
125
125
125
124
126
125
127
129
128
126
126
126
126
126
126
127
125
126
125
125
124
125
124
124
125
125
126
126
126
125
126
126
125
124
123
121
120
122
122
122
123
123
123
123
125
125
125
124
125
126
124
122
124
125
126
126
126
125
125
125
125
125
126
126
124
125
125
125
126
125
124
125
124
126
126
126
127
127
126
126
128
128
128
127
127
126
126
126
127
129
130
129
130
127
126
126
125
125
126
125
126
126
126
126
127
127
128
128
126
126
127
127
126
125
123
123
123
123
125
125
124
124
125
124
126
126
127
126
125
126
127
125
123
124
123
125
125
125
124
123
123
124
125
126
127
126
127
126
124
124
123
124
124
124
125
126
125
126
126
127
127
125
126
125
126
126
127
125
126
125
125
124
126
125
126
125
126
126
126
125
124
125
125
124
124
123
123
123
124
126
125
125
124
123
124
125
125
124
124
125
125
123
123
124
125
123
123
124
126
126
125
124
123
124
126
127
126
126
125
123
123
125
125
126
126
128
127
125
127
126
127
126
126
126
127
126
124
123
124
122
121
121
122
121
121
122
123
124
125
125
126
126
126
126
127
126
124
125
123
122
124
125
127
127
127
128
128
126
127
129
127
126
123
122
122
122
124
125
126
124
125
125
126
128
126
127
126
125
125
126
125
123
124
125
126
124
125
125
126
125
124
125
126
124
124
125
126
127
127
127
128
129
127
127
127
125
125
124
124
123
124
126
126
126
127
125
127
127
126
125
126
125
124
125
124
123
124
124
124
124
124
124
125
126
126
126
127
125
125
125
125
123
122
123
124
125
125
125
125
126
127
128
128
127
126
125
126
123
123
123
123
124
126
127
128
128
128
128
127
125
124
122
123
124
124
125
124
125
126
127
126
126
126
125
126
125
125
124
124
122
124
124
125
126
127
127
127
127
128
128
127
126
125
126
124
124
124
124
123
124
124
124
127
128
128
129
127
126
127
126
127
128
127
126
126
126
124
124
125
126
125
125
126
126
124
126
126
127
126
126
125
125
124
124
123
124
125
126
127
127
125
126
127
127
126
125
125
124
125
125
127
127
126
126
126
126
126
124
125
126
126
126
126
126
126
124
124
124
126
126
126
126
126
126
124
126
126
127
125
125
126
128
129
128
127
126
127
127
127
125
125
126
126
127
125
125
126
125
126
125
125
125
126
125
125
124
125
123
123
124
125
124
123
124
125
126
126
126
128
127
128
129
129
128
125
125
123
123
124
126
126
127
127
129
129
128
127
126
125
123
123
124
124
122
123
124
124
124
124
124
124
126
126
126
125
123
124
125
123
123
123
124
124
123
124
125
126
125
125
125
125
125
125
125
124
123
125
126
127
127
125
125
126
126
127
126
125
124
124
124
125
125
125
124
124
127
128
127
126
127
126
126
127
126
123
123
123
122
122
122
124
124
126
127
127
128
129
128
129
126
124
125
125
124
125
126
127
127
125
125
126
126
125
126
126
125
124
125
126
125
126
127
128
129
129
128
127
127
125
126
125
122
121
123
123
121
123
125
127
127
126
126
126
127
126
124
123
122
123
123
123
123
124
124
124
126
127
127
126
125
126
125
125
123
123
125
127
127
126
125
125
126
125
125
125
124
125
124
125
126
125
125
123
123
124
125
127
128
127
126
126
126
126
126
130
129
128
126
125
124
124
124
124
123
124
126
126
126
126
125
126
125
123
123
123
122
123
123
125
126
128
129
129
128
126
124
125
124
123
125
125
125
125
125
125
124
124
125
127
126
126
125
125
124
125
125
125
124
126
126
127
127
126
127
128
127
127
127
127
126
125
126
125
125
127
125
125
125
126
127
128
128
126
123
125
125
124
124
125
125
126
127
128
126
125
125
124
126
126
124
125
125
123
123
124
125
127
126
127
127
127
125
125
124
126
127
127
127
127
127
127
127
127
127
128
128
127
127
127
127
126
126
126
126
126
127
127
126
126
125
125
124
124
126
127
124
125
123
125
126
125
125
125
126
128
127
127
128
128
126
126
127
127
126
126
127
127
126
125
125
126
125
125
124
125
126
127
126
125
125
125
126
123
125
125
124
125
125
125
126
125
125
127
126
126
125
126
127
128
127
126
124
125
124
125
124
124
125
126
126
125
122
125
126
126
127
126
126
127
127
129
128
126
126
127
127
126
126
127
128
127
126
126
126
126
126
126
126
125
124
126
126
126
125
126
126
125
125
125
125
126
125
126
124
123
123
124
125
125
126
127
127
127
126
127
126
127
125
125
124
124
125
126
126
125
126
126
126
125
126
127
127
127
126
126
125
125
125
126
124
123
121
123
124
125
126
125
126
128
127
127
128
126
126
126
126
124
123
125
126
126
126
127
126
125
125
127
127
126
127
128
128
128
129
129
127
126
125
126
123
123
124
125
126
125
126
125
126
126
126
126
125
123
124
125
124
124
124
124
124
124
126
127
126
126
126
126
126
127
127
126
126
126
125
125
126
124
126
128
126
126
125
125
125
124
124
124
122
124
124
124
124
125
126
126
127
126
125
125
126
126
126
126
126
127
126
127
128
125
125
126
126
126
124
123
121
122
123
124
124
126
125
126
128
128
128
128
127
126
126
125
126
127
127
126
126
127
126
126
125
126
125
125
125
126
126
126
127
126
125
125
126
126
125
124
126
125
124
127
126
125
126
127
127
125
126
125
123
125
125
126
127
125
125
126
125
126
125
125
124
123
123
122
122
126
126
126
125
126
126
127
127
127
127
126
126
126
125
125
125
124
125
127
126
125
124
124
125
127
127
126
125
125
125
125
126
126
127
127
127
126
127
126
125
124
121
121
121
121
121
123

