142
142
143
143
144
142
141
140
141
141
138
139
139
140
141
142
141
143
143
143
143
142
141
141
143
144
144
144
144
143
143
143
144
144
144
143
141
142
144
144
142
142
142
144
142
142
142
141
141
142
142
143
144
144
141
141
143
144
144
142
143
143
143
143
144
142
142
142
143
140
139
138
140
140
140
141
142
143
145
145
145
144
143
142
141
142
144
146
146
145
145
145
144
143
143
145
144
144
145
144
142
144
145
144
144
143
142
142
141
141
143
142
143
141
140
142
142
142
141
142
144
143
143
143
146
145
144
143
143
142
140
140
140
141
143
143
143
143
142
141
141
142
143
142
143
142
142
141
143
145
145
144
144
144
142
143
142
143
142
142
142
143
140
141
140
141
141
140
140
140
139
141
142
141
140
141
143
143
144
143
143
142
143
144
147
146
145
145
145
144
144
144
143
141
141
141
142
142
142
143
144
144
143
144
143
141
141
144
144
144
145
144
143
144
144
144
145
145
145
145
142
141
141
139
138
140
142
142
142
142
141
139
140
141
142
144
144
143
143
142
141
141
140
140
140
141
142
143
143
142
141
140
141
140
140
142
143
145
144
145
147
146
143
141
141
141
142
145
145
143
143
144
144
142
141
140
142
142
142
143
143
142
141
143
143
141
142
143
140
140
141
141
142
142
141
141
142
141
141
142
141
141
139
141
139
138
139
138
136
135
133
129
124
121
120
116
112
110
111
111
114
118
125
131
141
152
164
177
188
199
208
215
221
226
226
223
217
210
203
193
183
175
167
157
149
143
138
135
132
127
125
124
123
121
119
116
113
109
106
102
98
95
92
92
92
94
97
98
104
110
115
123
130
135
141
146
147
147
146
146
143
141
135
132
131
129
127
129
131
132
133
134
135
135
136
139
141
140
139
140
141
141
141
141
144
144
146
145
146
147
149
147
146
148
148
147
148
150
148
150
150
151
151
152
152
152
152
152
154
153
152
152
152
153
154
154
153
152
151
148
147
147
148
147
148
148
147
145
145
146
145
143
144
144
141
139
140
140
139
141
142
144
145
144
145
143
142
141
143
144
142
144
145
145
145
146
147
147
145
145
145
145
143
142
143
143
141
140
141
138
137
138
137
136
136
137
138
136
134
136
138
136
136
137
138
137
138
139
140
139
140
142
142
142
144
143
141
140
141
140
141
141
141
142
141
141
141
141
143
143
142
142
142
141
142
145
147
147
147
146
146
144
143
142
141
140
139
139
141
141
141
141
142
143
142
141
141
142
142
142
142
141
140
142
143
142
142
142
143
144
143
143
144
144
142
144
144
141
142
141
143
144
143
144
143
141
141
143
144
144
144
144
143
143
142
142
141
141
142
141
142
141
142
143
143
143
143
144
143
143
143
141
143
143
143
141
143
143
143
144
143
143
142
144
143
144
143
144
144
144
144
143
143
142
144
144
143
142
143
142
141
141
142
141
141
143
144
144
144
143
143
142
141
141
141
139
138
138
138
139
143
144
144
143
142
143
143
146
145
143
143
143
143
143
145
144
144
143
141
141
143
142
142
143
143
141
141
141
142
142
140
141
144
144
142
144
146
146
146
145
143
143
142
142
141
139
139
140
142
142
142
144
145
143
143
146
144
141
141
139
139
139
139
143
141
142
143
144
143
143
145
145
144
143
144
144
143
142
142
142
142
141
143
143
144
142
141
142
142
142
143
142
143
143
143
142
144
145
145
144
145
145
144
143
142
141
141
141
142
143
141
140
141
141
141
142
143
142
142
142
141
141
140
141
141
139
139
141
141
141
141
141
142
142
143
144
144
143
142
144
144
143
142
141
141
141
141
141
142
142
142
143
141
141
141
142
141
139
139
141
141
142
142
143
143
144
144
145
145
145
144
143
142
141
141
141
140
140
142
144
144
144
145
145
145
144
142
140
140
141
143
143
143
143
144
144
143
142
142
143
141
140
139
138
138
138
139
139
140
139
140
140
140
140
140
140
142
141
140
140
140
139
138
140
142
141
140
141
143
143
143
143
143
143
143
143
143
143
142
142
143
142
141
141
140
140
141
144
144
143
144
144
144
141
142
142
140
139
139
140
141
141
142
144
142
140
142
142
141
139
140
141
142
142
144
143
140
140
142
144
144
144
145
144
143
143
143
143
143
144
145
145
144
144
143
143
141
141
139
139
139
139
142
143
145
146
144
144
144
145
143
141
141
141
142
141
142
141
140
141
142
143
144
142
143
142
141
143
142
141
140
141
142
143
143
143
144
143
141
141
144
142
142
144
144
142
143
143
143
144
145
144
143
142
141
141
142
143
141
140
140
140
140
139
138
138
140
141
143
143
144
144
143
140
140
143
142
142
141
142
143
141
140
141
143
142
142
141
142
142
142
144
142
142
142
144
144
143
143
143
143
142
140
140
140
139
139
140
141
142
142
142
143
143
142
143
145
143
141
141
141
141
140
143
145
144
144
144
145
144
143
142
142
141
141
141
142
142
143
144
144
143
145
144
143
142
142
142
143
141
141
143
144
142
140
141
143
143
141
141
142
141
141
142
143
143
142
143
143
143
143
145
144
144
147
147
146
143
144
143
141
140
140
140
142
141
141
143
142
144
145
144
143
144
145
143
141
141
141
140
141
143
143
142
142
143
143
142
139
141
142
144
144
144
142
142
143
143
142
144
145
144
145
144
143
142
142
141
141
141
141
142
144
143
142
143
143
143
143
142
143
141
139
141
141
140
141
142
142
142
142
142
142
141
142
144
142
141
141
140
141
141
140
139
141
140
138
141
141
140
141
141
142
143
143
141
140
140
141
141
141
142
142
143
143
143
145
144
144
144
144
145
146
145
144
141
142
143
141
141
142
142
143
142
141
140
141
142
143
142
141
140
143
143
141
141
141
141
141
141
139
140
142
139
139
139
140
141
143
143
141
142
144
144
144
143
142
142
142
141
141
141
142
141
142
142
140
142
142
142
142
144
143
143
143
144
144
144
144
144
143
142
142
144
144
141
139
141
143
143
143
143
142
142
140
140
141
141
141
143
145
143
143
143
142
142
142
143
144
144
143
143
142
143
142
141
142
142
142
144
142
140
140
141
142
140
140
140
142
142
142
144
142
143
144
144
144
144
144
144
146
145
145
144
144
143
143
144
142
142
143
144
143
143
143
142
141
141
141
142
144
145
145
145
143
141
140
141
141
141
140
139
140
140
141
141
141
141
142
143
142
140
140
141
142
140
140
141
143
143
144
144
143
142
142
144
143
142
143
143
142
142
142
142
143
143
143
145
146
146
145
146
145
143
142
141
140
139
139
140
140
141
140
141
143
144
144
145
143
143
142
142
140
139
138
139
140
140
141
140
141
141
140
142
142
143
143
142
141
141
142
143
142
143
141
141
143
144
143
142
141
141
140
140
141
143
144
144
143
142
141
141
143
143
143
142
142
143
144
144
144
143
143
143
143
141
139
139
141
141
141
142
141
143
145
144
143
144
142
143
143
143
142
141
140
137
138
139
140
141
141
144
142
141
140
142
143
141
141
142
142
141
142
143
142
139
138
140
141
142
142
143
141
140
140
141
142
142
142
143
144
144
143
142
142
142
143
143
143
143
141
143
144
142
141
142
141
140
141
141
141
141
142
144
145
142
141
141
142
142
142
143
143
142
142
142
142
142
142
143
143
142
140
141
143
142
139
140
141
140
139
143
145
143
143
144
143
142
141
141
142
143
143
143
143
142
142
144
145
146
145
144
144
145
144
144
143
142
141
141
139
139
141
142
141
141
142
142
143
144
144
145
144
143
141
141
141
142
142
144
143
142
138
138
140
141
144
144
144
144
144
146
145
143
142
142
141
143
143
143
143
142
141
141
144
144
145
146
147
146
146
144
144
142
140
141
141
142
141
141
144
144
143
144
143
143
141
142
143
144
143
143
143
142
141
141
142
142
143
143
142
142
142
144
145
144
144
144
144
143
143
144
143
142
143
144
145
146
144
142
140
139
140
139
141
142
142
144
144
144
145
146
146
146
145
145
144
144
144
143
143
143
141
142
144
144
144
144
143
143
142
142
143
142
142
141
140
141
143
143
144
145
143
141
141
141
140
141
142
144
144
143
145
146
146
144
144
144
143
142
141
140
142
144
143
142
140
142
144
144
142
140
142
143
143
144
143
140
140
142
142
141
142
143
144
143
141
142
142
140
140
142
142
142
143
144
144
143
144
145
145
143
142
141
141
140
141
143
144
143
142
142
144
144
144
143
145
144
143
141
141
141
142
142
142
143
144
144
143
142
142
143
143
144
143
145
144
143
142
143
142
141
141
140
141
143
143
143
143
144
144
142
142
142
142
142
143
144
142
142
143
143
141
142
145
144
144
143
142
140
138
140
141
141
142
144
144
144
143
142
143
144
143
141
142
141
141
143
144
141
142
143
141
140
139
138
139
139
140
142
142
142
144
145
144
142
143
142
143
144
143
143
141
141
141
141
140
142
144
145
145
144
145
144
143
143
144
144
145
144
143
142
143
143
144
144
143
141
140
141

