120
121
120
120
121
120
120
121
121
119
119
121
121
119
119
119
118
118
118
120
120
120
121
122
121
121
123
122
122
121
120
121
120
120
119
119
120
121
122
121
120
120
121
122
121
122
121
122
121
121
121
119
118
118
119
120
119
120
119
118
117
119
119
119
119
119
120
121
121
120
120
121
119
119
117
116
116
118
117
117
118
120
120
120
120
122
123
123
122
121
120
120
118
118
118
119
120
120
121
121
121
122
124
123
121
122
122
121
119
120
119
121
122
120
121
122
120
119
121
121
119
119
119
120
121
120
119
121
121
121
122
122
121
121
122
119
118
119
121
124
121
120
119
120
119
119
121
122
121
120
121
120
119
119
119
119
118
119
119
120
119
119
121
121
120
123
123
122
120
121
120
121
120
122
124
124
122
122
122
120
118
119
119
119
120
120
121
122
123
124
122
121
120
120
122
120
120
121
121
119
118
119
120
120
120
121
119
120
120
121
120
120
120
120
121
121
121
121
122
123
124
124
122
121
120
118
118
118
118
118
118
119
119
119
121
121
120
120
119
119
118
120
122
120
119
119
119
119
118
119
120
119
119
120
121
121
121
120
121
121
121
122
121
121
120
120
121
121
120
120
120
120
119
120
121
121
120
119
119
119
120
120
119
120
121
123
122
121
118
117
116
117
118
117
119
119
120
120
121
122
124
122
120
118
118
118
120
119
120
120
122
127
132
136
141
147
150
152
155
158
159
154
150
144
136
125
115
103
90
78
67
58
51
46
44
44
46
50
54
62
67
74
81
87
93
101
107
113
116
118
122
125
127
128
131
132
133
136
138
141
147
152
157
163
166
165
165
165
161
156
150
144
138
130
122
117
115
115
117
120
123
126
129
133
133
133
134
134
134
130
127
129
129
129
128
128
127
128
128
129
128
125
124
123
120
117
115
114
112
114
115
117
119
119
119
120
119
118
115
115
115
113
112
112
113
114
115
115
113
112
111
112
110
109
109
109
108
107
107
109
111
114
116
116
116
115
114
115
115
116
115
116
116
116
118
119
120
123
123
121
121
122
122
122
119
117
120
119
118
117
117
118
118
119
118
116
114
113
114
113
112
115
117
116
116
118
119
121
122
123
124
125
124
125
125
124
122
121
122
120
121
122
122
123
123
124
123
123
122
122
121
121
121
121
123
121
119
120
121
121
122
123
124
124
125
124
125
124
123
121
121
122
121
121
122
120
118
118
119
120
119
119
119
120
120
119
119
119
118
118
119
121
120
121
122
120
119
118
119
119
117
120
121
121
118
117
117
117
117
118
118
118
117
117
119
118
118
119
118
117
116
116
117
119
119
119
120
120
120
120
119
120
120
120
120
122
121
121
119
121
121
121
120
120
120
119
117
118
120
120
118
118
118
120
119
121
122
122
121
120
119
119
120
120
122
122
122
122
120
121
122
122
119
118
118
120
121
120
119
120
119
119
119
121
120
122
124
124
123
122
122
121
120
120
119
120
120
121
121
120
120
120
122
123
124
122
120
121
120
119
118
120
120
118
118
120
120
120
119
119
119
119
119
120
119
118
116
117
117
118
119
119
119
119
120
122
122
123
123
122
122
121
120
120
119
119
120
120
120
120
120
119
118
119
119
119
120
121
121
121
121
120
121
122
119
119
119
119
119
119
118
119
120
120
122
123
122
121
122
123
120
120
119
120
121
119
118
119
121
121
121
122
122
122
122
122
120
119
118
117
116
118
119
120
120
121
121
121
121
121
121
120
119
120
121
119
119
119
122
120
120
121
121
120
120
120
118
118
120
119
120
119
119
122
123
121
121
121
119
120
120
119
121
122
122
123
122
122
122
123
122
121
122
121
121
122
121
120
119
118
119
119
119
119
121
121
121
120
120
119
118
119
120
120
120
119
119
120
119
120
121
120
118
120
121
123
123
123
124
123
123
123
121
119
119
119
123
123
123
125
125
124
123
122
121
119
117
118
116
116
116
117
118
119
121
123
123
123
121
122
121
121
120
120
120
119
120
121
121
121
120
119
120
118
117
120
119
119
119
119
119
120
121
120
122
121
120
121
120
118
115
115
118
119
119
120
120
121
121
122
122
122
122
121
120
119
120
120
119
119
121
120
120
120
118
119
119
119
119
120
123
124
125
125
122
120
120
120
119
119
119
118
116
116
119
122
120
119
119
121
121
120
120
121
121
120
119
120
119
118
119
120
119
117
117
118
118
120
120
120
119
119
118
119
119
121
121
119
119
118
119
120
119
118
120
120
118
118
118
119
120
122
123
122
120
119
119
120
120
120
121
120
119
118
119
118
117
118
118
119
120
120
119
119
119
119
119
119
120
120
121
120
119
120
119
119
121
122
121
122
121
120
121
120
118
119
121
121
120
121
121
121
119
118
119
121
120
119
120
119
117
118
120
119
118
118
118
119
118
118
118
118
118
119
120
119
118
119
119
119
120
121
124
123
122
122
123
124
123
122
122
121
119
120
120
119
119
122
122
122
120
119
119
121
121
121
123
123
120
122
123
122
121
120
119
118
118
118
118
118
118
118
120
122
121
121
121
122
122
122
120
121
120
119
118
118
118
120
118
119
120
121
121
122
122
122
121
121
121
122
120
121
120
121
122
122
121
119
118
119
119
119
119
122
122
120
120
121
121
120
120
120
121
121
122
121
120
119
119
119
120
120
120
122
120
118
118
119
120
120
121
121
121
122
121
120
119
118
118
119
119
121
122
121
121
122
122
122
122
123
123
121
119
119
120
122
122
122
123
122
122
121
121
121
121
119
119
121
120
119
118
121
120
121
121
122
121
120
119
120
121
119
119
121
121
120
119
120
121
120
121
121
120
119
118
117
117
117
118
118
118
119
118
119
118
120
120
121
120
120
121
122
122
121
121
121
119
117
117
119
120
121
120
122
120
120
121
122
120
121
121
122
122
121
120
121
120
121
121
120
118
119
118
116
116
118
119
119
117
118
119
119
118
119
121
120
119
118
118
118
119
118
119
118
115
115
115
117
118
120
121
120
121
123
122
121
120
121
121
121
121
121
122
121
120
120
120
119
120
120
120
119
119
120
121
121
121
120
121
123
122
121
122
120
120
118
117
117
117
117
118
119
119
119
121
122
120
121
120
121
120
119
118
116
116
119
121
121
121
121
121
121
121
120
121
123
122
123
123
123
122
121
122
123
121
122
120
120
120
120
120
119
117
119
120
119
121
122
123
121
120
120
120
120
118
118
120
120
120
120
119
119
119
123
124
124
123
123
120
119
119
118
119
118
118
119
118
120
122
123
120
120
120
118
119
120
120
118
120
121
122
124
125
124
123
124
124
124
122
120
118
121
121
121
122
122
120
120
120
122
121
123
122
122
120
119
119
120
120
119
118
119
119
120
118
117
119
119
119
118
117
119
119
119
119
120
122
123
121
120
119
119
119
118
118
119
117
119
119
119
120
119
121
119
118
120
121
120
120
121
121
122
121
119
119
120
118
119
119
119
117
117
119
119
119
118
118
118
120
120
120
121
120
120
119
119
118
118
117
119
119
118
118
119
117
118
120
121
122
120
122
121
120
121
122
121
119
119
118
118
117
118
119
119
117
119
120
120
120
119
119
119
119
121
122
121
120
119
118
119
117
117
120
121
119
119
121
121
119
118
118
119
119
121
119
120
119
119
119
119
119
119
119
119
118
119
119
118
118
119
118
118
118
119
120
120
119
120
119
119
119
119
119
121
123
123
122
122
122
121
121
120
118
119
118
119
119
118
118
118
118
119
120
122
121
119
120
121
120
120
121
122
120
121
121
121
120
118
118
120
119
119
120
121
121
122
123
122
121
121
121
121
119
117
119
117
118
118
119
119
119
120
121
122
121
121
120
121
120
119
118
120
119
119
120
118
118
119
119
119
120
120
119
120
118
117
119
120
119
120
120
120
119
119
119
118
119
120
122
121
120
119
120
121
120
121
121
119
120
121
122
121
120
119
119
120
120
119
119
120
120
120
122
121
120
121
121
120
119
119
119
119
120
120
121
122
122
122
122
122
120
121
122
123
121
121
120
119
120
120
120
121
121
120
121
122
121
120
120
121
120
120
120
118
117
118
121
121
120
122
123
123
121
121
119
119
118
117
116
118
119
119
120
119
118
119
120
120
120
119
120
119
118
119
119
119
120
120
120
121
120
120
121
121
121
123
123
121
120
119
119
119
119
120
119
119
119
120
119
118
119
120
120
120
119
119
120
122
122
122
122
121
120
118
117
118
117
119
120
120
120
119
119
120
121
122
121
122
119
116
115
117
117
116
118
120
118
117
118
119
120
118
118
120
119
118
118
119
118
117
118
119
119
119
119
119
118
119
119
118
117
118
119
119
118
122
123
119
117
118
121
123
122
120
119
120
120
120
119
118
116
116
117
117
118
119
120
120
121
121
119
120
120
119
118
119
119
119
118
117
119
119
118
120
121
120
119
121
122
120
121
120
120
120
119
119
121
122
120
119
120
119
120
120
119
118
119
120
118
119
119
117
118
119
119
121
119
117
119
121

