134
131
131
133
133
131
131
132
133
133
135
135
133
133
132
133
133
134
136
136
134
133
133
131
129
130
133
134
136
136
135
134
133
133
132
133
134
135
133
132
133
132
131
131
131
131
132
131
132
131
131
130
130
131
132
132
131
130
132
133
134
135
135
133
133
132
132
134
133
132
131
132
133
133
133
134
134
134
131
131
130
129
129
128
131
131
132
134
133
133
134
135
134
132
132
133
133
131
131
131
131
133
134
135
133
131
132
132
133
132
132
132
131
131
131
131
129
130
133
132
133
133
134
132
131
132
132
130
129
129
128
127
129
130
132
131
131
133
135
133
132
132
135
134
133
132
133
132
132
132
131
132
132
132
130
130
131
131
132
133
135
135
134
134
133
132
133
134
133
132
133
132
132
130
130
130
130
132
133
133
133
133
133
134
132
130
130
131
130
130
131
131
132
129
130
130
132
133
133
133
133
133
131
131
133
132
130
128
130
131
132
133
133
135
134
133
134
133
132
133
132
131
130
130
131
131
132
133
133
133
132
132
131
130
131
130
131
132
133
134
134
135
135
135
136
136
135
135
136
136
135
133
132
131
131
131
131
130
129
131
133
133
131
130
131
129
131
133
132
131
131
132
132
131
130
131
132
131
133
135
135
133
132
134
136
135
134
134
133
131
131
132
132
131
130
130
131
131
131
132
133
132
132
132
137
140
141
142
142
143
143
144
144
144
143
142
141
138
134
127
118
108
99
90
81
73
67
63
62
62
67
74
83
93
104
118
130
142
153
162
168
174
178
180
181
180
181
181
179
178
176
177
177
177
175
176
174
173
172
169
169
168
165
162
156
152
146
140
133
124
118
115
112
112
110
109
113
118
123
128
133
137
140
142
139
136
133
130
128
125
122
121
123
125
125
127
126
127
126
125
124
122
119
119
118
118
119
121
124
126
128
129
128
127
126
125
123
122
122
121
120
119
119
121
123
124
126
126
126
126
127
128
127
126
129
131
130
132
133
133
134
135
137
136
137
137
138
140
139
139
139
138
137
137
137
137
138
138
136
134
133
131
130
129
132
132
132
132
132
132
133
134
135
136
136
136
135
136
135
134
135
135
136
137
137
136
138
140
140
138
136
134
137
138
137
137
137
134
132
134
135
133
131
132
132
130
130
130
132
132
131
132
132
132
132
132
131
132
132
133
132
130
130
130
132
133
134
135
134
135
135
134
132
130
131
133
133
133
133
134
134
132
131
132
132
132
132
133
133
133
134
134
135
134
134
133
134
132
129
127
127
128
128
129
130
130
129
129
131
132
131
131
131
131
131
131
131
132
132
134
134
134
132
133
135
133
132
133
134
134
135
134
134
134
133
134
135
135
133
135
136
135
134
134
134
132
132
134
134
134
134
135
133
135
134
136
135
135
135
135
134
131
130
131
131
130
131
132
133
134
132
133
132
131
131
131
131
130
130
132
132
129
131
130
131
133
134
135
135
134
135
134
132
131
131
130
132
131
132
134
135
136
135
135
136
135
133
133
132
132
130
129
129
129
130
129
131
132
131
130
131
129
130
131
132
132
131
131
131
133
135
135
134
133
133
132
131
130
132
132
133
132
131
132
132
131
133
133
133
132
131
131
133
132
133
134
135
134
133
134
134
133
132
133
133
131
131
132
132
131
131
131
132
130
131
132
133
132
131
132
132
132
130
131
131
130
132
133
133
133
131
130
130
129
130
131
131
132
132
132
132
134
135
134
135
133
131
131
132
133
131
130
131
132
133
134
134
133
134
134
135
134
132
133
134
135
136
136
134
133
131
130
131
132
132
132
133
131
130
130
132
130
131
131
132
132
133
135
133
133
132
132
133
134
133
132
132
132
133
131
132
131
132
132
130
130
132
133
135
134
133
134
132
129
128
129
131
131
131
131
131
132
134
133
132
132
132
132
132
131
133
136
134
133
132
132
131
130
131
130
131
132
133
133
132
130
131
131
133
132
132
134
133
132
132
132
133
135
133
132
133
131
130
131
133
133
132
131
131
129
130
130
130
130
131
131
133
135
135
134
133
134
133
134
133
130
131
131
132
131
132
135
136
136
135
134
133
132
131
130
130
130
131
131
133
134
135
135
134
132
133
133
131
131
132
132
130
129
129
130
130
130
131
132
132
132
133
132
133
132
132
131
130
130
132
133
133
133
134
134
134
135
134
131
131
131
129
130
129
128
129
131
133
134
133
134
134
133
133
133
132
132
131
130
131
132
132
132
133
135
134
132
133
132
131
130
130
129
128
130
131
131
131
130
131
131
131
131
129
128
129
131
132
132
131
132
132
130
129
130
131
129
127
129
131
131
131
133
132
132
133
134
133
131
131
130
132
131
130
128
130
131
131
132
133
134
134
133
132
130
131
131
131
130
130
131
132
131
131
131
131
130
131
132
130
131
132
132
132
133
131
131
132
131
130
129
129
131
133
134
134
133
133
134
134
133
133
131
133
131
132
134
134
134
133
133
132
133
133
131
131
130
131
134
136
133
133
135
135
132
129
132
134
133
133
133
132
131
130
131
132
130
130
130
131
131
129
130
130
130
130
131
133
132
132
133
132
130
130
131
130
131
131
131
133
132
132
132
130
129
132
134
134
131
131
134
135
133
133
134
136
135
135
134
135
135
134
134
133
132
132
132
133
133
135
135
136
135
134
132
131
131
129
128
127
127
129
130
130
131
131
134
136
134
133
133
133
132
131
133
133
133
133
133
133
134
132
132
131
131
133
134
135
135
135
134
133
133
133
133
133
132
131
131
131
130
132
134
135
135
134
133
133
132
131
131
130
130
130
133
134
134
134
135
135
134
133
131
132
131
131
130
129
130
131
132
133
132
132
133
133
134
132
132
133
131
133
134
133
131
132
132
131
130
131
131
132
134
135
134
135
134
133
131
132
132
132
130
132
133
132
133
134
134
134
133
134
134
131
132
133
131
131
131
133
133
130
129
130
133
134
134
135
135
132
130
131
131
133
134
133
134
134
133
133
132
131
131
130
131
131
132
132
133
133
133
133
133
132
133
135
134
133
133
135
135
135
134
134
134
133
131
132
132
134
135
136
134
133
133
133
134
135
135
135
136
136
136
135
135
135
132
133
132
130
130
133
133
134
135
135
133
132
133
135
134
133
134
133
134
133
132
131
131
131
132
133
132
131
132
132
133
133
133
132
130
130
130
130
129
131
132
133
132
132
132
133
131
130
130
130
128
128
129
131
132
132
134
133
133
132
133
133
129
128
129
130
129
129
130
131
130
131
134
135
136
135
136
135
133
133
133
133
133
132
133
133
133
134
134
134
133
131
132
131
130
131
132
132
133
133
134
134
134
133
134
133
134
135
138
137
134
133
132
132
132
133
133
133
131
131
133
133
133
132
132
133
133
133
134
135
134
133
130
130
129
130
130
131
133
135
135
135
133
133
134
135
133
132
132
133
131
131
132
133
132
133
134
134
131
133
133
133
131
130
132
132
131
133
134
132
130
131
130
129
128
129
132
132
133
132
133
133
131
131
132
133
134
132
134
133
133
134
132
133
132
134
133
133
129
131
133
134
134
134
133
131
131
132
133
133
133
133
133
132
130
130
131
131
131
132
133
133
131
128
129
130
132
130
131
133
132
131
131
131
132
131
131
132
131
130
130
131
132
130
131
132
132
131
132
133
131
130
131
133
132
131
131
131
130
131
132
129
127
127
129
130
130
131
132
131
130
132
133
135
135
134
133
133
132
134
135
134
133
131
132
133
131
130
132
132
131
132
132
132
133
133
134
134
133
132
132
132
133
133
133
133
131
132
133
133
133
133
133
132
130
132
134
135
134
132
131
130
129
131
131
132
131
130
129
130
132
133
135
136
134
133
133
133
131
131
132
134
132
132
131
132
133
134
135
134
131
130
131
131
129
130
133
134
133
132
132
132
133
132
132
133
133
133
133
134
133
132
132
132
132
132
134
134
136
134
135
135
133
133
132
133
132
132
132
132
132
131
131
132
133
134
135
135
132
134
134
133
134
134
134
132
131
132
133
133
133
132
132
133
133
132
131
132
132
131
132
133
133
134
134
134
136
136
134
135
134
134
134
135
134
133
133
133
132
133
133
132
132
133
134
133
133
134
134
135
134
133
133
132
132
132
132
132
133
134
132
132
133
132
132
131
129
130
133
135
135
135
135
135
135
133
134
133
132
131
130
130
129
129
132
134
134
134
134
135
135
135
135
134
134
134
133
132
132
132
131
132
131
134
135
135
137
137
136
136
134
135
134
136
135
134
133
132
133
133
134
133
134
134
135
135
134
134
134
135
134
133
134
133
132
133
134
133
133
132
132
131
130
131
131
132
131
132
134
137
136
136
136
136
136
134
134
133
133
133
133
133
133
133
133
135
133
135
136
135
133
134
135
136
138
136
136
135
134
134
134
133
131
134
135
134
134
134
132
131
131
132
133
134
134
132
134
134
132
132
132
133
133
133
134
132
132
133
132
134
135
134
135
135
135
137
137
136
133
132
133
134
134
135
135
135
135
133
132

