141
141
139
139
139
140
140
140
140
138
139
139
139
139
138
139
140
140
138
139
138
139
138
139
138
140
141
140
140
140
140
138
137
137
138
139
138
138
136
137
138
138
138
139
141
141
140
139
141
141
139
139
140
140
140
139
139
138
138
138
140
141
140
139
140
140
140
143
142
139
139
140
139
138
138
138
139
138
139
139
141
139
138
136
137
137
138
139
139
138
139
140
141
142
140
139
140
140
138
137
137
138
136
136
137
137
138
138
138
138
140
140
139
139
139
140
141
139
137
138
139
138
139
140
139
138
138
139
140
141
141
141
140
141
140
139
140
140
142
143
140
140
139
140
141
140
141
142
143
143
142
141
141
138
137
137
138
136
138
140
140
139
138
139
139
138
138
139
139
139
139
139
140
139
140
138
138
137
138
139
141
140
139
138
138
139
141
141
141
141
141
141
140
138
137
139
138
137
137
138
138
139
139
139
138
139
140
139
139
139
138
137
137
137
138
137
138
138
139
140
140
139
139
139
139
137
137
138
138
138
140
139
140
142
140
138
139
140
137
138
138
137
137
137
138
138
139
141
142
142
142
142
141
140
140
141
142
142
139
139
141
139
140
141
140
138
138
139
140
139
137
136
136
136
136
137
139
138
136
136
138
138
140
140
140
140
140
141
141
140
139
140
141
141
140
141
141
140
139
140
139
140
140
140
142
142
141
142
143
146
146
144
143
143
142
137
132
125
118
111
104
96
89
84
81
79
80
82
88
96
106
119
132
147
160
171
181
191
197
201
204
204
203
200
198
195
192
188
186
183
179
179
179
177
173
172
172
170
166
163
159
154
147
141
137
131
125
119
115
110
107
106
108
110
114
120
128
133
138
142
145
143
141
139
139
134
131
129
128
126
126
126
127
126
125
126
127
127
127
126
125
124
126
126
125
125
127
127
128
130
132
132
132
130
130
128
129
129
131
131
133
136
137
136
137
139
139
139
141
140
139
139
141
142
142
142
143
143
145
146
147
146
145
146
147
145
142
141
144
145
145
146
146
146
145
144
144
142
139
140
139
138
140
139
140
141
139
141
141
140
139
138
137
138
136
138
139
140
141
142
143
144
145
147
147
146
146
142
141
141
142
143
143
143
142
140
140
140
139
138
136
137
136
136
136
137
136
134
135
137
138
138
139
138
138
138
139
140
138
138
139
140
139
139
139
138
137
137
136
135
136
136
135
134
135
137
137
139
139
139
139
140
139
136
138
137
137
138
140
138
137
136
136
137
138
136
136
137
136
136
139
138
136
136
137
138
139
139
139
139
139
141
143
141
140
140
140
140
142
143
142
140
140
140
138
136
137
138
140
140
140
141
141
141
141
141
142
141
141
141
141
140
142
142
141
141
139
138
138
139
138
136
136
136
136
137
137
138
139
139
139
138
137
137
137
137
136
139
139
140
138
137
140
141
141
141
143
143
141
140
141
140
138
139
140
140
139
138
139
138
139
141
141
141
141
141
141
139
136
139
139
136
137
137
137
136
138
139
139
139
137
137
138
137
136
136
136
136
135
136
136
137
138
139
140
138
139
140
140
140
140
140
140
139
141
141
141
139
141
143
143
142
141
143
142
139
139
138
136
136
139
138
139
139
139
139
139
139
139
138
139
136
136
139
139
139
141
141
139
140
140
139
138
138
137
137
139
137
136
139
139
139
140
139
140
140
140
139
140
140
137
138
140
140
140
139
139
138
139
138
138
137
138
138
139
138
138
138
139
137
139
141
141
138
137
138
139
140
139
139
141
140
140
139
140
141
142
143
141
140
140
140
138
138
138
141
139
138
138
138
139
139
138
139
138
137
138
138
139
138
137
136
135
133
132
133
134
134
135
136
138
139
139
139
138
137
137
136
136
137
137
137
139
139
138
138
141
141
141
139
140
139
139
138
137
136
136
137
139
140
138
140
142
142
143
141
141
140
140
139
139
139
137
137
138
139
140
141
140
139
138
138
138
139
140
141
142
143
141
139
139
139
139
139
140
137
137
139
139
138
137
136
136
137
140
140
142
141
139
139
138
138
139
139
139
138
138
137
136
138
139
139
138
137
138
138
138
139
139
139
141
139
138
139
139
140
140
138
140
140
139
139
139
139
138
138
140
139
137
137
137
138
139
138
139
137
136
135
136
138
139
136
138
138
137
136
134
135
136
137
138
138
139
140
141
139
139
138
138
138
138
138
138
139
140
141
142
140
140
140
140
138
138
140
141
139
139
139
141
140
140
141
141
140
140
140
138
138
138
138
140
140
142
140
138
136
136
137
138
137
138
139
139
141
142
141
141
141
140
141
140
139
138
138
138
139
138
140
139
138
138
139
136
137
138
138
137
137
137
137
139
138
139
139
140
140
141
141
139
138
137
137
138
139
139
138
139
140
139
138
139
138
138
137
137
138
138
137
138
139
137
135
137
139
139
139
141
141
142
141
140
138
138
136
136
135
136
138
139
140
139
141
141
140
141
140
139
139
139
140
141
139
139
139
139
139
139
140
141
140
141
141
142
142
141
140
141
141
140
137
138
137
139
140
140
140
141
139
138
139
138
139
138
137
137
138
139
138
137
138
139
141
142
140
140
139
139
138
138
137
137
136
138
139
139
138
138
139
139
138
139
140
138
139
141
139
139
138
140
141
140
142
142
141
140
141
141
140
139
140
143
142
140
138
140
140
138
139
137
138
139
140
142
143
143
142
142
140
140
141
142
140
136
137
139
139
138
138
138
139
142
142
142
139
140
141
140
138
137
139
138
138
139
137
135
138
139
138
138
139
138
140
139
139
139
139
138
139
138
138
139
140
142
140
140
141
140
139
139
140
138
138
138
139
139
138
140
142
141
139
141
140
140
139
140
139
140
142
141
140
139
137
138
139
137
137
138
138
136
137
138
137
138
140
141
139
139
140
141
139
138
138
140
139
138
139
140
140
141
141
142
142
141
139
139
139
138
138
138
136
135
137
138
138
140
142
140
140
139
140
140
139
140
141
141
141
141
141
141
140
141
139
140
139
139
137
139
139
139
139
140
141
140
138
140
141
141
141
140
140
141
142
142
142
141
140
139
139
139
138
139
139
139
140
141
141
141
140
139
140
139
137
138
138
138
138
139
139
139
140
141
140
139
139
141
141
142
140
139
137
136
137
137
136
137
139
140
139
139
139
139
140
141
139
140
139
140
140
141
141
141
141
138
137
138
138
137
138
139
137
137
137
138
137
139
139
138
138
138
139
140
139
140
141
141
141
141
141
141
141
139
138
138
139
138
136
137
135
136
139
140
141
140
139
138
138
140
141
140
138
139
140
142
141
141
140
142
142
142
140
139
140
142
141
139
139
138
139
139
138
138
139
138
138
140
140
139
139
139
138
136
136
136
136
135
136
139
139
138
138
139
138
137
138
137
137
138
139
141
140
140
141
142
143
143
143
143
141
139
138
139
138
137
138
136
136
137
137
138
138
137
138
140
140
140
139
139
139
138
139
139
140
142
140
140
138
138
138
138
137
137
138
137
135
137
137
137
138
138
139
139
140
140
139
138
138
138
138
138
136
137
138
138
137
137
137
137
138
138
138
138
138
138
138
140
140
140
139
139
139
138
138
139
139
138
138
140
140
139
139
140
140
138
135
136
137
137
137
138
139
138
138
139
139
139
139
139
139
138
139
141
140
136
135
135
137
138
138
137
137
136
136
135
135
136
138
139
139
140
141
139
138
139
139
139
140
141
141
140
140
138
139
139
139
139
137
138
139
138
137
139
140
138
138
140
141
140
139
139
140
140
139
139
139
140
137
138
138
138
138
139
139
136
137
139
139
140
139
138
138
139
140
141
140
138
138
139
138
137
139
140
140
138
138
139
138
138
137
139
138
138
138
139
139
138
140
140
139
139
141
141
140
139
139
139
140
140
139
139
139
137
137
139
138
139
141
139
138
137
137
138
139
138
137
139
139
139
139
139
140
139
138
137
136
137
136
135
136
137
136
136
136
137
138
139
139
140
139
138
137
137
137
138
138
137
137
140
140
138
139
139
139
139
138
137
138
138
138
139
138
138
137
139
140
140
142
140
139
138
137
138
137
137
137
139
140
139
139
139
138
138
140
142
141
140
137
136
136
135
137
136
134
135
135
136
136
138
139
140
139
140
140
139
139
138
137
138
137
139
141
141
141
142
143
142
141
140
141
140
139
141
140
140
141
141
142
141
142
142
143
142
140
139
141
139
137
137
139
139
138
137
136
137
138
137
138
137
138
140
139
138
138
137
136
136
136
136
136
138
138
138
137
138
139
139
138
137
138
139
140
141
142
141
139
140
140
139
141
143
141
142
141
141
139
139
139
139
139
138
139
141
140
139
142
141
139
138
138
137
136
139
139
139
139
138
138
139
138
138
139
138
138
137
137
138
139
139
140
140
139
138
138
139
140
139
140
141
139
140
141
138
138
138
138
139
140
141
140
139
139
138
137
139
139
138
137
137
139
137
137
138
138
139
139
141
142
140
140
141
140
140
142
141
138
138
138
140
139
138
138

