137
137
138
138
138
138
137
135
135
137
136
136
137
137
135
136
136
136
135
135
135
136
134
133
132
132
134
134
134
134
133
136
137
137
135
134
135
134
133
133
134
135
135
134
135
135
136
138
139
140
140
139
139
140
138
138
138
138
137
136
136
136
136
137
136
135
136
136
136
137
138
138
137
139
138
137
138
137
137
137
136
134
136
137
136
137
135
134
135
136
136
135
135
137
136
135
134
135
136
138
138
138
137
136
134
135
135
136
137
135
133
134
134
135
136
135
136
137
138
139
138
138
136
136
137
136
135
136
138
138
138
138
138
138
139
138
138
137
137
136
137
135
135
136
137
137
139
138
137
137
137
137
136
136
135
135
134
134
134
136
136
136
136
138
140
140
138
138
138
137
136
135
137
138
138
139
138
138
137
138
137
138
138
137
136
137
138
137
136
135
135
135
135
136
135
135
136
138
137
137
136
138
139
138
135
135
136
137
137
137
138
136
137
139
138
140
138
140
139
138
137
136
136
134
134
135
136
134
136
138
138
138
139
140
138
135
136
136
136
137
136
135
135
135
136
137
136
135
137
136
134
134
134
135
136
138
138
138
138
138
138
138
137
138
137
136
135
136
137
136
136
138
138
138
137
137
137
138
137
137
137
138
135
137
139
139
138
135
134
134
135
135
134
136
135
135
134
136
134
133
132
132
130
129
129
129
129
130
130
130
129
128
129
129
129
130
136
141
147
156
166
174
182
191
198
203
204
202
200
196
185
175
163
150
136
124
114
105
98
93
87
84
79
80
80
82
84
86
88
92
94
93
95
95
95
95
99
101
101
102
103
107
112
119
126
131
138
146
153
157
161
163
164
163
158
154
149
144
139
135
134
133
131
133
135
138
142
143
144
147
147
146
147
147
146
145
146
147
148
149
149
152
152
151
150
149
148
147
144
144
143
144
145
145
146
147
146
148
148
148
147
145
145
144
142
141
142
140
139
142
143
143
142
141
139
137
136
134
131
129
128
127
127
128
131
131
130
130
130
131
131
128
127
127
129
130
131
132
132
133
135
135
133
133
135
135
135
135
136
136
136
137
137
136
135
133
132
132
133
133
132
132
130
128
128
129
128
128
130
131
131
132
133
133
133
135
135
135
136
134
135
136
137
137
136
136
133
132
133
134
136
137
139
141
140
138
139
139
138
135
134
137
136
136
136
137
135
135
135
137
137
135
135
136
136
137
138
139
138
138
139
137
137
137
137
138
138
137
137
138
138
137
137
138
137
137
136
136
137
136
136
136
136
135
136
137
135
135
136
139
136
136
137
136
135
133
134
132
132
133
134
134
133
134
134
134
135
136
137
137
136
136
136
136
135
135
135
137
137
135
136
137
137
135
135
136
136
138
136
135
138
138
137
137
136
135
134
136
136
137
136
136
135
137
139
140
139
138
138
139
138
137
137
137
136
134
134
136
136
135
134
134
136
135
137
137
136
135
135
138
137
138
139
139
136
135
135
136
137
136
138
139
139
138
139
140
139
138
137
137
136
138
139
139
138
138
139
140
139
138
137
137
137
138
138
137
138
138
136
136
136
135
135
136
137
138
138
137
136
138
137
136
136
136
137
135
135
136
136
136
134
135
136
136
136
135
135
136
138
139
138
139
137
135
135
136
137
136
135
136
138
137
137
139
139
139
138
136
136
135
134
136
136
135
136
138
139
140
140
139
139
137
138
139
138
137
135
135
133
134
134
136
136
135
136
135
136
137
136
137
138
136
136
136
135
135
134
136
136
136
137
137
135
136
137
136
136
135
135
135
136
135
134
135
137
137
138
139
140
139
139
138
138
139
138
137
135
135
136
137
135
136
137
139
139
139
137
137
138
137
136
135
133
133
133
133
133
133
134
136
136
136
135
135
136
134
134
135
134
132
133
134
135
135
137
138
138
137
139
139
138
136
135
136
135
135
136
138
137
136
139
139
138
137
137
137
138
136
136
136
133
133
134
136
137
137
139
140
140
139
140
138
136
135
136
135
135
136
138
139
137
136
136
135
135
136
138
136
136
136
136
133
133
135
136
136
135
136
136
136
136
137
138
138
138
139
138
138
138
138
137
137
137
138
138
137
136
137
136
136
137
136
136
138
137
137
137
137
138
137
136
135
135
136
136
136
137
136
137
138
137
136
134
136
136
135
136
135
135
137
137
136
137
136
136
136
135
135
133
135
134
134
134
134
134
134
136
136
136
136
136
136
135
135
134
136
135
135
134
134
135
135
136
136
137
137
138
138
137
136
136
137
136
135
137
137
138
138
137
137
137
137
137
135
133
134
134
133
133
133
133
133
132
133
134
135
135
135
136
137
137
136
136
137
136
135
134
134
136
137
137
138
138
138
138
138
138
137
138
138
137
135
133
134
134
135
135
137
138
139
139
139
138
136
136
136
134
134
133
134
134
134
136
138
138
137
136
136
134
134
132
133
135
135
136
136
137
138
138
138
138
137
137
137
136
135
135
135
134
135
136
135
133
133
134
134
133
132
132
132
132
133
133
134
134
135
137
139
141
141
139
139
138
139
138
138
138
137
137
137
136
136
136
137
137
137
138
138
136
134
134
135
135
136
135
137
137
137
138
138
138
138
138
139
138
136
135
135
134
134
134
135
135
135
137
137
136
135
137
137
137
136
137
136
135
136
137
138
136
134
134
135
134
135
136
135
134
134
133
134
134
135
136
137
136
137
138
137
137
137
136
135
134
134
135
135
135
136
137
137
136
138
139
138
138
136
134
135
136
135
135
136
135
135
136
136
137
137
136
135
134
135
134
135
136
135
134
135
135
137
136
135
136
137
139
139
138
137
137
139
140
139
138
139
136
136
137
139
138
138
137
136
136
136
137
137
137
136
136
136
135
136
136
139
137
138
139
137
138
139
138
138
138
138
138
137
135
135
137
136
135
134
135
135
133
135
137
136
137
137
136
136
135
136
135
133
134
135
135
136
136
136
137
136
137
138
137
138
138
137
137
138
136
135
134
135
136
136
137
136
137
137
137
138
139
138
136
136
136
134
135
134
134
136
135
135
137
137
137
136
135
136
138
138
137
136
136
136
135
136
138
138
136
135
136
137
136
136
137
139
139
136
137
138
137
135
135
135
135
134
135
135
134
135
136
136
135
136
137
138
136
135
136
136
136
136
137
137
136
137
138
139
138
138
138
138
139
137
137
136
136
135
137
136
135
136
136
137
138
139
139
139
137
137
136
136
136
137
136
137
135
135
135
135
134
137
137
136
136
136
136
135
137
136
134
133
133
133
133
134
136
137
136
136
136
137
138
137
135
135
135
136
136
136
136
136
135
137
139
138
137
137
136
136
136
134
134
136
135
134
134
134
133
135
137
137
136
136
136
135
136
135
135
136
135
134
134
136
136
138
140
139
138
137
135
135
136
135
135
135
134
134
135
137
136
136
139
139
138
138
135
133
132
132
132
133
135
137
137
136
137
138
139
138
137
135
134
135
136
137
137
136
135
135
134
134
134
135
136
136
138
139
140
140
140
138
136
137
136
135
133
135
135
137
136
136
135
136
136
133
132
132
134
134
133
132
134
136
135
134
136
137
136
135
137
136
135
134
135
136
136
136
135
136
137
138
139
139
138
137
136
135
136
136
136
137
136
135
135
136
137
135
135
136
136
139
139
138
136
137
137
136
135
136
135
137
138
138
138
139
138
138
138
137
138
138
137
137
137
136
134
134
134
133
134
134
135
136
137
138
137
135
133
135
133
134
136
138
139
138
138
138
138
138
136
136
136
136
135
137
135
135
135
136
136
135
136
137
136
135
135
134
133
132
134
135
133
134
135
135
134
135
137
138
138
139
138
138
137
137
136
135
134
135
136
136
135
134
136
135
134
135
136
136
136
137
137
137
137
137
135
134
135
135
135
137
135
135
136
135
136
137
138
137
135
137
138
138
137
135
137
136
135
135
136
138
139
139
138
138
139
138
137
137
136
136
135
135
136
137
137
136
138
138
138
138
137
135
134
136
138
138
138
137
136
136
136
136
136
135
134
134
136
137
136
137
137
135
139
138
138
139
139
138
137
137
138
140
138
138
138
139
137
136
137
135
134
134
134
134
134
133
136
136
137
137
137
136
135
138
137
137
136
137
137
136
136
136
136
138
138
137
136
136
136
136
134
133
132
131
132
133
136
136
136
138
138
136
135
137
137
137
137
136
136
136
137
137
137
136
137
136
138
138
137
138
138
138
138
138
137
135
134
133
134
133
135
136
136
135
135
137
137
136
137
137
136
136
137
138
138
136
136
136
135
136
137
138
137
135
136
134
133
134
135
135
136
135
136
136
136
134
133
133
133
134
134
136
136
136
136
136
136
134
135
135
136
136
136
135
135
136
136
135
134
135
136
136
137
135
135
134
134
135
134
136
136
138
139
137
136
135
133
133
135
136
135
136
137
136
137
137
135
135
137
138
136
137
135
135
135
136
137
138
137
136
136
138
137
136
137
137
135
134
134
135
136
137
138
139
140
138
138
139
139
138
138
137
135
134

