137
136
136
135
136
136
138
137
137
136
136
135
134
134
132
132
132
133
132
134
135
134
135
134
134
134
133
132
131
132
133
133
133
132
133
134
134
134
137
137
137
135
135
135
134
134
135
136
136
136
136
135
133
132
134
136
136
137
136
136
135
135
135
134
133
134
135
133
134
134
136
134
133
135
136
136
136
136
135
135
135
137
137
136
136
137
138
136
137
137
136
136
135
135
135
133
133
135
138
138
139
141
142
141
139
139
138
136
134
134
133
133
131
131
132
132
132
133
135
136
135
134
133
133
135
137
134
133
134
135
134
134
134
134
134
135
136
135
134
136
136
136
136
137
138
136
136
138
137
137
137
136
135
135
136
136
134
135
136
136
135
135
135
135
133
132
133
134
134
135
135
134
135
136
137
137
137
136
135
133
133
133
132
130
131
131
132
133
133
134
134
135
134
134
134
133
134
136
137
135
134
134
133
134
135
134
134
134
136
137
138
137
136
137
138
137
137
136
134
133
135
136
137
139
140
140
137
137
136
133
134
134
134
134
135
135
134
134
134
134
134
135
136
134
134
134
135
135
133
134
136
136
136
137
137
138
137
137
137
136
135
134
136
134
135
135
135
136
136
134
133
132
133
134
134
135
136
135
137
136
134
135
135
135
135
137
135
136
136
135
135
135
136
135
136
135
135
135
134
135
136
138
138
137
139
138
140
139
139
139
140
140
139
139
137
134
129
124
119
110
103
95
88
82
77
71
72
76
82
90
100
114
127
139
151
164
176
184
191
195
198
199
201
199
195
191
189
186
183
179
177
175
174
173
172
169
166
162
160
159
155
150
145
140
136
131
124
117
112
107
103
100
100
101
105
109
116
122
129
132
135
135
135
136
131
130
127
123
119
119
121
120
121
123
124
123
125
127
126
124
124
124
125
124
120
118
119
121
124
126
128
129
130
132
130
128
127
126
128
130
133
132
132
130
130
131
132
132
135
136
136
136
137
138
137
137
137
138
141
142
142
142
141
141
140
140
140
139
140
141
141
141
141
139
141
139
138
137
137
134
133
131
132
133
133
132
132
133
134
136
137
137
138
139
137
135
135
134
136
138
139
139
141
140
140
140
143
141
141
141
140
139
139
140
138
136
135
135
135
134
134
134
133
131
132
133
133
132
130
132
132
132
132
132
130
130
132
132
133
133
133
133
133
132
134
136
135
133
133
132
133
133
133
133
131
133
135
135
136
133
135
136
135
136
135
134
133
135
137
134
135
137
135
134
132
130
132
133
132
131
131
131
132
133
134
134
134
134
133
132
135
136
135
134
135
137
135
135
135
133
134
134
136
136
136
138
137
136
135
137
137
136
135
136
137
136
135
134
135
137
137
138
137
136
135
134
134
135
135
135
135
135
135
136
137
135
135
136
137
136
136
136
135
134
134
134
133
133
135
136
136
137
138
139
139
137
136
135
135
135
136
135
136
136
136
134
136
136
136
136
137
136
137
137
136
136
135
136
135
135
134
137
139
140
137
137
137
137
137
136
137
137
136
135
135
136
136
135
136
135
136
136
135
135
135
133
134
133
133
132
134
135
134
134
135
134
134
134
135
133
132
134
135
136
135
136
138
136
135
135
137
135
135
135
135
133
132
132
132
131
133
135
134
133
135
136
135
135
135
135
134
134
134
133
133
133
135
135
135
135
135
136
137
134
133
132
133
132
134
135
133
134
135
136
137
137
136
135
135
135
133
131
131
131
131
133
135
134
135
136
137
136
134
134
135
134
134
134
136
135
134
134
135
136
136
135
135
134
134
134
137
137
137
136
137
136
136
135
135
135
134
135
133
133
134
134
136
136
135
134
134
135
135
135
135
134
134
135
135
134
135
135
137
136
136
135
135
134
136
136
135
136
136
136
135
134
134
133
133
131
133
136
135
133
135
135
134
134
135
136
136
136
136
135
136
136
136
136
134
132
133
132
132
133
133
131
132
131
132
132
133
134
135
135
136
135
132
131
132
134
134
136
136
135
135
136
136
134
134
133
135
135
134
135
135
135
135
135
133
131
132
133
133
133
132
133
134
133
134
135
134
133
134
137
136
134
135
136
137
135
135
134
133
132
133
133
133
133
133
133
134
134
133
135
137
135
134
133
134
134
134
134
134
134
134
135
135
134
135
135
135
135
136
137
135
134
135
135
133
133
135
135
136
135
136
135
135
133
134
134
134
132
132
132
134
136
135
134
136
136
134
134
135
135
134
134
136
135
135
134
134
136
136
134
135
135
135
135
136
135
134
134
133
135
137
139
138
138
136
137
137
135
135
134
136
135
136
136
136
135
133
134
134
133
134
135
133
131
132
134
135
134
132
133
133
132
134
135
135
133
131
131
131
132
133
135
135
133
132
132
132
132
134
135
133
135
136
135
134
134
135
136
136
135
135
134
134
134
132
133
134
133
131
133
134
134
135
134
133
134
136
137
138
138
137
137
135
136
134
135
136
135
134
134
136
136
136
134
134
134
135
135
134
134
132
132
133
133
134
134
135
135
134
134
135
134
133
134
135
135
135
137
136
134
134
134
135
134
135
134
135
135
135
137
137
136
135
135
136
137
136
136
136
135
134
134
133
134
135
135
133
133
134
135
135
134
135
135
136
135
135
134
135
136
135
134
135
137
135
134
135
136
137
136
135
135
134
135
136
136
136
136
136
137
136
135
134
133
134
135
136
136
135
134
134
135
135
133
133
134
134
133
135
135
135
136
138
136
136
137
137
137
137
137
137
137
136
135
136
135
133
134
134
134
134
134
133
132
135
136
137
136
136
136
135
135
135
135
136
135
135
135
134
134
135
137
136
136
135
135
135
134
134
133
133
133
132
135
135
135
135
137
136
136
137
137
136
135
135
136
135
135
135
136
134
135
136
135
134
135
135
134
134
135
135
133
132
133
133
134
134
135
135
136
135
134
134
134
136
135
133
133
133
135
135
135
135
135
135
135
133
134
136
135
135
136
136
137
139
138
137
136
135
135
134
135
134
133
133
135
135
135
134
135
136
135
135
137
136
137
135
136
135
136
137
138
137
136
135
134
132
131
133
133
134
133
135
135
134
134
137
138
137
135
134
133
132
130
132
134
134
136
137
137
136
136
137
138
137
135
135
134
135
133
133
134
134
133
134
136
137
136
135
136
136
135
134
133
134
134
135
136
136
137
137
136
135
136
136
137
137
136
135
134
136
136
135
134
136
136
138
138
136
136
136
135
135
135
134
133
135
134
133
132
133
134
136
137
137
137
136
135
132
132
132
131
132
132
133
132
132
131
131
133
133
134
134
134
134
134
135
134
133
134
135
135
134
133
134
134
134
133
134
136
137
139
137
134
134
134
134
132
133
135
133
133
132
132
132
131
131
134
134
131
133
134
134
133
135
136
136
134
134
134
135
134
133
133
133
132
132
133
133
134
134
133
132
134
134
133
134
134
135
135
135
136
136
134
133
134
136
134
132
132
131
131
132
134
135
132
134
134
133
132
133
133
132
131
131
133
133
133
132
134
134
133
134
134
134
131
131
131
131
130
132
134
135
136
136
134
133
133
134
132
133
135
134
134
135
136
135
135
134
134
135
134
135
134
135
136
138
136
137
137
137
136
135
135
135
136
133
133
135
134
135
135
137
135
135
135
135
136
136
134
134
134
135
134
133
132
131
131
131
131
133
134
135
133
132
132
131
131
133
133
135
135
135
134
137
136
136
137
136
134
133
134
134
135
134
136
137
138
138
137
138
137
135
136
136
135
135
134
135
136
137
138
138
137
138
138
138
138
138
136
136
135
135
134
133
134
135
134
133
135
134
134
133
132
133
134
134
136
136
137
136
136
135
135
135
134
133
131
131
132
133
134
135
135
133
133
132
132
133
134
136
135
135
134
137
136
135
134
134
133
133
134
133
133
132
132
133
134
133
135
137
134
133
135
136
135
135
136
136
135
134
133
134
134
134
134
135
134
135
137
137
136
136
138
138
136
135
135
136
135
135
136
135
135
135
137
135
134
133
133
133
134
135
136
135
135
137
136
134
133
134
134
135
135
134
133
132
132
133
134
134
133
135
135
136
134
133
133
133
131
131
133
134
136
136
136
138
138
137
135
134
133
132
130
132
134
134
135
136
136
135
135
136
135
133
133
133
132
132
132
133
132
132
134
133
135
136
137
137
137
136
136
136
132
134
136
134
134
134
135
135
135
135
136
137
139
138
138
139
137
136
135
137
135
135
134
134
134
133
135
135
134
135
136
135
133
133
132
131
131
133
132
132
134
136
136
135
135
136
136
137
136
135
134
134
134
133
133
132
132
134
134
134
134
135
135
134
133
133
135
135
133
132
135
137
138
137
136
137
138
136
135
135
134
135
134
133
132
132
134
134
134
135
135
136
136
135
133
133
134
133
133
134
135
136
136
135
135
133
133
133
131
132
133
133
133
135
136
137
136
136
137
137
136
135
135
133
132
133
134
134
133
136
137
135
135
136
135
132
132
134
134
134
135
135
135
137
136
135
135
134
132
133
135
135
134

