128
128
128
129
129
128
128
128
128
128
129
129
129
129
131
132
132
130
130
130
130
129
130
132
130
131
130
129
127
127
128
130
129
128
128
130
131
132
134
135
133
132
132
132
130
131
133
133
130
130
130
129
128
129
129
129
131
132
131
132
133
133
133
131
128
127
126
127
129
129
131
131
134
134
133
133
131
131
132
134
132
131
130
129
128
128
129
129
130
128
129
130
130
130
130
130
129
128
128
127
128
126
129
129
129
130
131
132
131
130
129
128
127
128
128
130
130
129
129
130
129
130
131
131
131
131
132
132
129
129
128
127
126
127
129
129
129
130
131
132
130
130
131
131
129
130
129
129
129
128
128
128
128
130
129
130
129
128
127
127
127
129
131
130
130
130
129
129
129
130
128
130
131
132
131
130
129
130
129
130
130
128
126
126
128
127
128
130
130
130
130
129
130
131
131
130
129
129
129
129
127
126
128
129
129
130
131
132
131
132
132
131
129
129
130
130
130
130
129
129
128
127
130
131
131
130
131
132
133
134
132
131
128
126
125
126
127
126
127
129
130
131
131
130
131
132
133
131
128
128
128
129
129
130
129
129
129
129
128
127
128
129
133
132
130
130
130
132
131
130
130
129
129
128
128
128
128
129
130
129
129
127
128
129
130
129
128
128
129
127
127
128
130
132
132
133
133
131
130
131
129
127
128
130
129
127
127
127
125
123
123
124
121
116
111
107
102
98
96
95
94
96
103
111
120
131
144
156
168
181
193
201
204
206
207
206
204
199
189
181
174
166
158
152
146
140
133
129
125
122
122
120
117
114
112
110
107
104
102
97
93
89
86
84
80
77
79
83
87
94
102
107
114
122
128
131
134
135
131
131
129
126
125
123
120
119
117
116
116
117
119
118
120
120
120
121
123
122
122
124
125
127
128
130
131
131
132
133
134
133
132
131
130
130
128
129
129
132
133
134
136
137
139
138
137
137
138
140
140
138
139
139
138
139
141
140
139
137
138
137
135
134
135
136
136
135
137
136
134
134
134
132
130
128
127
125
125
126
126
126
127
127
129
129
129
130
130
130
128
128
130
130
131
132
133
134
135
134
134
135
135
135
132
129
128
127
125
124
122
123
123
123
123
125
127
127
126
125
124
124
125
126
123
122
123
123
124
123
124
125
128
128
129
128
130
132
132
131
131
131
130
129
127
126
126
124
123
125
126
127
127
129
129
129
130
132
130
129
129
130
129
130
130
131
130
129
128
129
128
128
127
125
126
127
127
126
128
130
130
130
131
131
131
132
133
132
132
131
130
132
131
132
132
131
133
134
134
136
136
135
135
133
132
133
132
132
131
131
129
130
132
131
131
131
131
131
132
132
131
132
132
130
130
131
130
128
131
131
129
128
126
127
127
128
129
130
129
128
126
126
127
126
126
128
129
129
129
128
128
129
129
129
127
127
128
130
129
129
132
129
128
129
131
131
129
130
132
130
129
128
130
131
129
132
135
134
132
132
131
129
127
125
125
126
126
126
129
130
129
127
127
129
130
130
131
131
130
131
131
131
129
128
129
130
130
130
129
131
129
129
129
130
131
131
131
129
130
130
129
130
129
129
128
128
129
128
128
128
129
130
130
130
129
129
128
128
129
127
129
131
129
127
128
130
129
128
130
130
131
132
132
133
130
129
129
128
128
129
130
130
128
128
129
131
130
129
129
130
131
132
133
132
129
129
129
129
128
127
128
128
128
129
128
127
129
130
132
131
131
131
131
131
130
127
127
127
129
128
128
127
128
130
131
131
129
128
126
126
127
127
128
129
128
127
129
131
131
132
132
133
133
133
131
132
133
131
129
128
129
128
126
126
128
129
129
131
130
129
129
129
129
128
131
131
129
127
127
128
126
126
127
127
124
123
126
127
128
127
126
129
130
129
129
130
129
128
128
129
129
127
126
128
129
129
130
130
130
129
128
129
130
131
131
129
127
127
128
129
129
130
131
130
128
127
129
131
130
129
130
132
129
129
128
128
128
126
127
128
129
130
130
130
129
130
128
129
130
130
130
131
132
132
132
132
131
131
130
129
128
127
129
132
131
130
131
129
129
128
128
129
130
130
132
132
131
131
131
133
130
127
126
127
127
128
129
130
128
127
127
130
131
130
129
128
129
129
129
130
128
127
128
128
128
128
128
129
129
129
129
128
128
129
129
129
127
128
129
129
128
127
127
129
129
131
132
132
130
130
129
128
129
128
128
126
127
128
129
131
130
131
131
130
131
131
128
128
129
131
130
128
128
130
129
127
128
128
129
129
129
128
129
128
128
129
129
129
128
127
129
130
132
131
131
131
131
131
130
129
130
129
129
130
130
130
129
131
131
129
129
132
131
131
128
129
128
128
129
132
131
132
131
133
129
127
127
127
127
130
131
130
130
129
132
133
131
132
133
134
131
129
130
131
129
129
128
128
129
129
131
131
130
130
130
130
131
131
131
132
132
131
131
129
128
127
128
129
130
130
128
127
128
129
129
130
132
133
133
132
130
130
129
127
127
127
129
131
131
132
131
131
131
131
130
129
129
129
130
130
129
127
129
130
129
128
127
129
130
130
130
130
128
126
126
127
128
127
127
128
127
126
127
128
127
128
130
132
132
132
132
131
130
131
131
132
130
130
129
128
126
127
127
129
128
128
130
131
131
131
131
131
130
130
132
132
129
129
128
129
130
130
132
133
131
131
130
130
132
132
132
131
129
128
130
130
128
128
127
126
126
127
127
128
128
127
128
129
128
128
127
127
128
130
131
131
130
128
126
127
127
126
127
127
127
127
128
130
133
133
132
130
129
130
131
132
130
128
127
126
126
127
127
128
127
127
130
131
130
130
129
130
128
128
128
128
127
125
126
127
126
126
127
128
128
128
130
131
130
130
131
130
128
128
129
128
128
128
129
130
129
130
130
130
129
128
129
128
129
130
130
128
129
129
130
130
128
128
130
132
131
132
133
133
129
127
127
126
127
126
126
128
129
128
128
129
129
128
129
131
129
129
127
127
129
128
127
128
128
128
127
127
128
128
130
129
129
129
127
128
130
129
128
128
128
130
129
131
130
129
129
131
131
130
131
131
129
129
130
130
129
128
129
129
127
127
128
129
129
129
128
129
129
127
127
128
127
127
125
126
127
129
128
129
129
129
128
129
129
129
130
129
129
130
131
132
131
131
129
130
129
128
127
128
129
128
130
130
129
128
129
130
130
131
130
130
131
127
127
127
127
126
126
127
129
128
129
129
130
130
129
129
129
130
129
130
130
128
129
129
127
125
125
127
129
128
127
129
127
129
130
130
130
129
132
131
128
127
127
128
127
126
128
129
127
128
129
130
130
130
129
129
127
127
128
128
126
126
126
127
127
128
126
126
126
126
128
129
128
129
129
128
127
130
130
128
128
130
129
129
129
128
127
129
131
132
131
130
132
132
130
129
128
127
128
128
128
128
129
131
132
131
130
130
129
127
127
128
127
128
128
130
130
129
130
130
129
128
128
130
129
128
130
133
132
130
129
128
128
127
130
129
129
131
131
132
131
130
128
128
128
128
128
130
130
131
132
132
132
130
129
130
129
128
126
126
125
126
126
126
127
126
126
127
128
127
127
127
128
129
128
126
127
128
128
129
129
129
129
129
127
127
128
127
127
127
128
128
127
128
127
128
128
129
130
130
129
130
131
132
131
130
129
129
130
129
127
127
127
126
126
127
129
130
129
131
131
130
128
128
129
127
127
127
127
126
126
127
129
127
127
129
130
129
129
129
126
127
128
128
128
128
129
129
128
126
127
129
129
127
127
128
129
130
129
130
129
129
131
132
131
130
130
129
129
127
127
128
128
128
127
128
126
126
130
131
131
131
130
131
131
131
129
129
128
128
128
128
127
127
129
128
128
128
129
129
130
131
130
131
129
128
128
130
130
129
126
126
128
126
127
129
129
129
130
133
134
132
131
132
133
131
131
129
128
128
128
128
129
128
127
128
128
127
126
127
127
127
128
130
130
132
131
131
131
131
130
129
128
129
129
130
128
127
130
130
129
130
129
129
128
126
126
127
126
127
128
130
129
129
131
130
129
127
128
129
129
129
132
132
131
131
131
131
129
130
131
131
130
130
130
131
129
127
128
127
126
128
129
130
129
130
132
133
132
133
133
133
132
132
131
132
131
130
131
130
129
130
132
132
131
130
129
131
131
130
128
129
129
127
126
128
128
129
130
130
130
131
130
131
130
129
129
129
129
130
129
128
128
128
128
129
128
127
128
127
129
126
125
126
127
129
130
131
131
130
132
130
128
127
128
129
129
128
127
127
126
127
127
129
128
129
130
129
128
127
129
130
130
130
130
132
131
133
134
133
131
129
129
128
128
128
126
127
129
130
130
129
131
133
131
131
129
127
125
127
127
129
129
130
130
130
128
130
131
130
131
131
131
128
128
129
128
128
129
130
131
131
130
130
128
127
125
127
130
129
128
128
129
129
130
131
129
128
131
133
131
131
131
131
131
129
129
129
128
127
128
128
128
128
129
131

