128
129
129
131
133
134
133
133
133
134
134
133
134
133
132
132
132
132
131
131
133
135
136
135
135
134
135
134
134
133
133
132
130
130
133
133
133
133
135
135
134
134
133
131
130
131
133
133
132
132
133
133
134
132
131
130
131
132
131
131
131
131
130
131
132
132
131
131
131
131
131
130
131
132
131
129
129
129
130
130
129
131
134
134
133
131
132
131
131
132
132
132
133
135
136
136
134
134
133
132
131
131
132
132
132
133
134
132
133
132
132
132
134
134
133
133
134
133
133
131
130
129
130
129
128
129
130
131
132
132
133
133
132
132
132
131
131
131
133
133
134
133
132
131
131
132
134
134
134
134
134
131
132
134
134
131
130
130
131
132
132
133
134
133
132
133
135
134
133
134
135
133
132
130
131
132
132
131
133
133
133
134
135
134
132
134
134
131
131
132
132
132
131
131
131
131
133
133
132
131
131
132
132
132
131
131
133
135
136
135
136
136
135
135
136
135
133
132
134
135
135
133
132
131
131
133
134
133
132
132
134
132
132
132
132
132
134
135
133
133
134
136
136
134
133
135
136
135
134
133
133
132
132
132
133
133
133
132
133
133
133
134
133
132
132
133
134
132
131
131
133
134
135
135
133
134
133
133
133
132
132
132
131
129
130
131
132
132
134
135
135
135
136
136
135
133
134
134
133
134
133
133
133
135
135
135
136
138
140
140
140
139
136
134
130
127
123
117
112
105
98
91
86
81
77
73
73
76
81
90
103
116
128
142
157
168
179
187
193
196
199
199
197
193
189
184
181
178
175
172
170
168
167
166
164
162
160
156
156
152
148
144
137
132
128
122
116
110
106
104
101
101
102
104
108
112
117
122
125
127
130
133
132
130
126
126
124
123
121
118
120
121
120
120
123
124
124
124
123
121
121
121
120
121
123
123
125
126
126
126
128
129
127
125
127
126
125
123
122
122
122
123
124
123
125
128
131
130
131
131
133
135
134
137
137
138
138
139
139
138
137
137
135
135
135
135
137
138
137
138
138
138
138
137
137
135
132
132
132
130
132
135
136
135
135
135
136
133
133
133
134
131
131
133
134
134
134
135
135
136
138
140
138
138
141
141
140
137
136
136
137
138
136
137
136
135
135
134
132
129
128
129
129
128
127
127
127
126
127
127
128
129
129
131
131
130
131
130
129
129
130
130
129
128
129
129
130
130
131
128
127
128
129
129
128
129
130
130
131
130
131
132
132
132
131
130
128
128
128
128
129
129
130
131
132
132
132
131
130
131
132
132
131
129
130
130
130
129
128
129
132
132
133
133
133
133
134
134
133
133
133
132
135
135
135
135
134
135
134
134
135
135
134
134
133
134
135
135
136
137
137
137
136
136
135
136
135
134
132
132
130
131
132
132
133
134
135
134
134
134
134
133
133
134
134
134
134
131
131
131
131
132
132
132
132
133
134
134
133
132
130
131
132
133
131
130
132
132
131
133
134
136
134
134
134
132
132
131
131
131
130
130
131
131
132
133
134
132
131
132
133
133
131
131
132
131
131
131
132
132
133
135
135
135
132
133
131
130
128
130
132
133
133
134
134
133
132
134
134
133
133
134
135
133
131
131
132
133
131
131
133
132
132
132
131
129
131
132
132
132
130
130
131
131
132
130
133
132
132
133
133
133
131
131
130
131
132
131
132
131
132
132
134
133
133
133
133
133
134
133
133
132
131
131
131
130
130
131
133
132
132
129
130
131
132
131
132
132
131
133
132
130
130
130
130
130
132
133
133
132
131
130
130
130
130
130
131
130
130
131
132
130
130
131
132
129
128
128
130
131
131
132
132
131
133
133
131
131
133
134
133
131
131
132
131
131
131
130
130
130
131
130
130
130
132
132
135
135
135
134
133
133
133
132
132
134
134
132
134
134
133
132
131
130
131
130
131
130
129
129
130
130
130
131
131
131
130
130
132
132
133
134
133
133
133
131
132
131
131
130
131
130
130
132
134
133
133
134
135
134
132
131
131
131
132
130
130
129
131
131
133
134
134
134
133
132
132
132
131
131
131
129
130
130
132
131
132
132
131
131
132
133
132
131
130
130
130
130
131
130
130
131
133
132
132
131
131
132
131
132
131
132
133
134
136
133
134
134
134
133
134
133
132
132
131
130
131
130
130
130
132
134
133
133
134
135
133
133
135
137
135
132
132
132
131
131
131
130
130
131
133
134
134
134
132
129
128
130
132
132
132
134
134
134
134
136
136
136
136
135
133
133
133
133
133
132
132
133
135
135
134
133
133
133
131
130
132
131
131
131
133
133
134
134
135
134
134
135
136
133
131
131
130
128
128
130
131
130
129
131
131
131
133
133
133
131
131
132
132
132
133
132
131
132
131
131
131
130
130
128
132
132
133
133
132
133
132
132
131
130
131
130
130
129
129
129
130
131
134
134
133
133
131
131
132
132
132
132
134
133
132
131
130
130
130
130
130
132
133
131
130
129
128
129
130
131
131
131
132
132
132
131
132
132
132
131
131
131
131
132
132
132
134
134
133
132
134
134
133
133
133
134
132
132
134
134
132
132
132
133
134
135
135
133
133
133
133
134
133
134
133
131
132
132
133
134
135
135
133
133
133
135
134
134
135
134
133
131
133
131
130
128
129
129
130
130
132
133
132
132
133
133
132
131
132
133
132
133
133
132
132
134
135
134
133
132
133
132
132
131
132
132
132
131
131
131
129
130
131
131
129
131
133
131
130
130
133
134
132
130
131
132
131
132
132
131
133
133
132
130
130
131
129
130
131
132
134
134
134
133
133
132
131
131
132
131
132
131
132
132
131
132
132
130
130
130
130
130
131
132
133
132
132
131
131
130
130
130
130
130
132
133
132
132
133
134
134
134
135
134
135
133
133
134
134
133
134
134
134
132
132
132
131
130
131
130
132
131
131
133
134
135
135
132
132
131
131
131
130
129
132
133
135
134
134
135
134
133
132
131
130
128
128
129
130
131
132
133
133
132
133
133
133
133
134
135
134
132
131
130
131
132
133
133
134
134
135
133
131
129
129
130
132
133
133
134
134
133
134
135
135
135
135
134
132
129
130
130
129
130
132
133
133
133
134
134
132
130
131
132
129
130
130
129
130
131
131
130
129
130
130
131
131
131
131
131
132
132
131
132
132
132
132
134
135
134
134
133
133
131
132
134
134
133
133
131
131
132
133
133
132
131
133
134
133
132
133
134
135
135
135
134
134
133
133
132
132
132
132
134
134
133
132
132
132
132
131
131
130
130
130
130
131
130
131
131
131
130
130
130
132
132
133
134
135
135
135
135
133
131
131
131
132
134
133
133
133
133
132
132
133
134
133
132
131
131
131
131
132
132
132
133
134
133
132
131
132
132
132
131
131
132
131
129
131
131
130
128
131
131
131
132
133
133
132
132
133
131
130
129
132
132
130
131
133
133
132
132
131
131
132
133
132
130
129
129
131
133
133
134
136
134
133
134
133
134
133
135
135
134
134
132
132
130
130
131
132
132
131
131
132
132
131
131
130
131
130
129
128
129
131
130
132
132
134
134
134
135
134
134
132
131
130
129
129
129
128
129
131
131
131
132
132
131
132
132
131
131
131
131
132
131
131
131
131
131
131
131
132
133
133
134
132
133
133
131
130
130
130
131
131
132
131
133
133
132
132
133
132
132
132
133
133
132
132
132
133
132
133
132
132
131
132
133
133
132
133
132
131
132
133
132
131
131
132
131
130
131
131
133
133
132
132
131
133
134
132
132
133
132
131
131
132
132
131
131
131
131
131
130
131
130
129
131
133
132
133
133
134
133
131
131
131
130
128
129
129
131
132
131
132
131
131
131
132
132
132
131
131
130
130
131
131
129
129
129
129
129
130
132
132
132
132
133
133
133
133
133
133
131
130
131
130
130
131
131
130
131
133
134
133
132
132
131
130
130
131
132
134
133
132
131
132
134
135
135
135
133
132
134
135
134
131
131
133
132
133
133
133
132
130
130
130
130
132
132
132
132
131
132
131
131
131
132
132
131
132
132
133
133
132
130
131
131
131
132
133
134
134
134
135
134
133
131
131
131
133
134
133
132
131
131
135
135
132
131
130
131
133
135
134
132
133
133
133
131
131
132
132
131
129
129
131
131
130
131
132
133
132
131
131
132
132
133
133
133
132
132
133
131
128
130
132
132
133
132
131
129
130
132
133
132
131
133
134
135
135
135
133
131
132
134
133
132
132
132
132
131
131
131
130
130
130
130
130
130
132
130
132
133
132
131
131
131
132
131
132
131
131
131
131
130
132
131
131
130
132
133
132
131
133
134
132
133
133
133
133
132
132
132
133
133
132
132
131
131
130
131
133
133
133
133
135
133
133
134
133
132
131
132
135
134
132
131
132
132
134
134
134
132
133
132
133
134
135
136
134
131
130
131
132
134
134
133
132
130
132
132
132
131
132
132
132
133
134
134
132
131
130
130
130
130
130
129
129
129
131
131
131
132
131
130
129
130
131
131
130
130
131
131
131
130
130
129
131
131
132
131
133
133

