139
139
139
140
139
138
138
138
138
138
139
138
139
140
140
139
138
138
137
136
137
138
138
138
139
140
140
138
139
138
137
136
136
136
137
139
139
139
139
137
138
141
141
138
139
138
136
136
136
135
137
138
138
139
140
138
138
138
137
138
139
137
137
139
138
137
138
139
138
138
137
137
137
139
139
138
139
139
140
141
142
141
140
140
139
139
139
140
139
138
139
139
139
138
138
137
136
136
138
138
138
138
138
137
136
138
139
138
139
138
139
139
137
137
138
138
138
136
137
137
137
139
140
139
137
137
138
140
140
139
138
137
136
136
137
135
135
138
137
137
139
141
140
140
142
141
140
139
140
141
139
138
139
141
141
141
139
138
136
137
138
138
138
137
138
137
137
138
140
141
138
138
139
141
138
138
138
136
135
135
135
135
135
136
138
139
137
138
138
138
140
142
142
140
139
138
139
139
138
137
137
138
136
136
138
137
137
138
139
139
139
139
138
137
137
137
138
139
137
136
137
137
138
139
138
138
138
139
138
139
139
138
137
138
140
139
139
138
138
137
138
140
140
139
138
138
139
139
139
139
138
139
140
139
136
136
134
134
134
135
138
140
139
138
139
139
139
138
139
137
137
137
137
135
136
137
138
139
139
139
139
139
139
138
139
139
138
139
139
138
137
137
137
137
136
136
135
135
135
137
138
138
138
139
140
141
143
145
147
148
152
154
155
157
160
161
163
163
165
163
159
153
145
136
125
114
102
88
75
68
61
55
55
58
63
68
76
85
95
105
116
126
133
140
145
149
152
153
158
160
160
162
165
167
168
171
172
175
175
176
180
182
183
184
186
183
178
174
171
165
157
148
143
139
137
133
131
133
135
139
144
147
149
151
152
152
152
149
147
145
142
140
139
138
138
138
139
139
138
137
137
134
133
131
130
130
132
133
134
133
135
136
136
137
136
135
132
130
129
128
128
129
129
130
131
132
132
131
129
129
127
127
126
126
127
127
129
130
130
130
133
134
134
135
137
138
138
137
138
139
138
139
139
138
138
139
141
142
141
139
138
138
138
137
138
138
139
138
140
140
140
139
139
136
136
135
136
135
135
135
136
136
138
138
141
144
145
144
144
144
144
144
144
143
141
141
144
145
144
143
143
145
145
143
141
142
141
140
140
139
139
138
138
137
138
139
141
139
138
139
140
141
140
138
139
139
139
138
138
138
140
140
141
140
138
137
138
139
139
138
139
139
140
139
139
141
142
141
141
140
137
135
136
137
138
138
140
139
139
139
140
139
139
138
139
139
138
137
135
135
132
132
134
134
133
133
133
132
132
133
134
133
135
137
138
138
136
135
134
133
134
136
138
138
137
138
139
138
137
137
137
137
138
138
141
140
139
140
140
140
141
140
140
140
140
141
140
140
140
140
141
141
139
139
138
138
139
140
141
143
142
141
140
140
140
139
139
140
139
139
139
139
139
139
141
139
138
137
138
140
138
136
138
141
140
140
140
139
139
139
141
140
139
138
138
139
139
138
139
139
138
136
137
138
138
138
139
140
139
138
137
138
137
139
140
139
138
139
139
140
140
138
140
140
141
141
141
141
142
139
139
141
139
137
136
136
136
137
139
140
138
138
139
139
137
135
136
137
138
137
138
139
139
139
137
138
138
137
137
138
140
139
139
138
140
140
138
138
140
141
139
139
139
138
135
135
136
136
136
137
136
136
138
137
138
136
137
137
137
136
135
137
135
135
137
138
138
138
139
138
138
137
139
139
139
139
140
141
140
138
140
138
136
137
137
137
137
137
138
138
139
138
136
138
137
137
139
138
136
138
139
139
138
137
137
137
138
139
138
137
135
137
139
139
139
139
141
141
139
139
140
140
140
139
138
139
138
138
137
138
139
139
138
138
138
137
138
138
138
136
137
139
140
139
139
140
142
142
142
142
141
137
136
136
135
134
134
137
137
137
137
137
138
137
137
138
139
140
141
140
139
137
137
136
136
137
139
140
140
141
143
142
141
140
141
140
137
136
136
138
137
138
139
138
138
138
139
139
138
138
139
140
139
138
137
138
137
138
140
139
139
139
138
137
136
135
136
137
138
139
138
137
135
135
134
136
138
139
137
138
138
139
137
136
136
135
135
137
136
136
137
137
137
136
136
136
137
136
138
138
140
139
138
140
140
138
139
138
136
135
137
138
137
134
134
136
136
136
137
139
139
138
140
140
140
139
137
139
139
138
138
138
139
138
136
136
134
134
137
138
138
139
139
139
139
138
138
137
136
138
140
140
139
139
140
139
139
140
141
139
138
137
137
137
138
137
139
140
141
139
140
140
139
138
138
137
138
138
139
141
141
142
141
140
139
138
139
138
137
136
136
134
133
131
132
135
136
137
138
138
140
139
138
137
135
134
134
134
135
135
137
138
138
137
137
139
138
136
137
139
138
137
137
137
137
137
138
138
138
138
138
138
139
138
140
141
139
138
138
138
136
135
138
138
137
138
138
139
139
138
138
136
136
138
138
136
135
135
137
136
136
136
136
138
137
136
137
137
137
136
136
136
138
139
138
139
138
138
138
139
140
139
139
138
138
139
139
138
137
138
138
137
137
137
137
139
141
140
140
139
139
140
138
137
138
140
141
141
141
141
139
140
141
140
139
137
138
138
136
138
139
137
138
138
137
136
136
138
137
135
134
135
135
136
137
136
136
136
139
139
138
138
138
139
138
138
139
136
135
138
139
138
136
135
136
136
135
135
136
136
137
138
139
138
138
140
139
139
139
138
140
141
139
138
139
138
139
139
139
137
139
138
136
137
139
139
139
139
139
139
140
140
140
138
138
138
139
140
139
139
138
138
137
137
136
134
134
135
137
137
137
137
137
136
137
137
138
137
138
140
140
140
139
141
142
139
139
139
137
136
137
138
138
137
139
140
139
140
139
140
139
138
138
138
137
136
138
138
139
139
141
141
141
141
142
141
139
139
137
136
135
134
134
134
136
136
138
138
140
140
139
140
140
138
137
138
139
138
138
137
137
137
138
138
139
140
138
139
140
139
140
139
138
139
139
138
138
139
138
137
138
138
137
139
138
137
136
137
138
138
138
137
136
136
138
138
137
136
137
138
137
137
139
138
138
139
138
140
140
139
139
140
137
137
139
140
139
138
138
137
136
137
137
137
138
139
140
141
141
141
141
140
140
141
140
138
138
138
139
139
139
140
141
140
141
140
140
141
139
138
138
138
137
138
139
139
138
139
138
138
138
140
140
139
138
138
139
137
136
137
136
137
138
138
138
138
139
140
138
138
139
139
140
139
138
137
136
137
139
139
139
139
141
141
139
139
139
138
138
136
136
137
138
137
138
138
140
140
141
141
142
142
141
139
141
141
141
139
137
138
139
139
139
139
139
137
136
138
139
136
137
138
139
138
138
138
135
134
135
137
137
136
137
137
135
135
135
134
133
135
136
136
139
139
139
139
139
138
137
139
140
138
137
136
136
138
138
138
138
139
138
139
141
140
139
140
140
138
138
138
140
140
141
141
140
140
140
141
140
138
139
140
140
140
140
138
139
140
140
139
139
138
139
139
138
137
138
141
141
138
139
141
143
142
141
140
139
140
140
139
137
137
138
139
136
136
135
135
136
136
136
136
139
138
138
138
139
139
140
140
137
135
137
138
138
141
141
139
138
139
139
139
138
137
136
137
137
137
138
138
138
139
141
140
138
138
139
140
138
138
138
138
137
138
139
138
139
138
137
137
136
136
137
136
135
137
136
136
135
138
139
140
139
139
138
138
139
139
140
141
141
140
140
141
141
139
139
140
140
140
139
140
140
136
135
136
136
135
136
137
137
137
139
141
141
140
138
137
136
134
137
138
137
138
138
140
140
138
139
139
139
137
137
137
138
138
139
138
138
138
138
139
139
138
138
138
137
137
138
136
138
138
140
138
137
137
137
136
136
137
139
138
138
138
138
138
138
138
137
137
138
140
141
140
141
139
140
139
138
136
137
138
139
138
138
138
137
136
136
137
137
136
136
136
138
138
138
139
138
136
137
137
137
137
136
137
139
138
138
139
141
142
141
140
140
139
137
138
137
135
136
137
136
138
138
138
138
139
138
138
138
139
139
139
138
139
139
140
139
139
140
139
139
138
138
136
137
139
141
141
141
140
141
141
140
139
140
139
140
138
138
138
138
137
138
139
138
137
137
138
139
137
137
136
135
136
137
137
138
138
138
139
139
138
138
138
137
138
139
140
139
139
139
138
139
139
138
138
139
137
138
140
140
141
141
141
141
140
140
138
138
138
137
137
137
138
140
140
140
139
139
139
140
141
141
139
137
138
138
138
137
138
139
140
140
138
139
138
136
137
137
136
135
136
137
137
138
137
138
140
140
142
143
141
139
139
139
139
139
139
140
140
140
141
141
140
139
139
139
139
139
137
137
136
138
138
138
137
137
136
138
139
140
140
140
140
140
140
139
137
135
135
137
137
137
138
137
138
137
136
136
135
136
137
136
135
135
134
134
134
135
137
137
138
137
139
139
137
138
138

