123
125
126
125
124
121
121
122
122
122
122
122
124
125
125
126
125
123
123
125
124
124
124
122
122
123
122
121
121
123
124
121
121
122
122
123
123
121
121
120
121
122
122
122
122
122
122
124
123
122
123
124
124
124
124
124
123
121
124
125
125
124
124
124
125
123
123
123
122
120
122
124
125
123
123
124
123
122
124
123
124
124
125
126
125
123
122
122
121
121
123
124
124
123
122
122
121
122
121
122
120
121
122
122
122
123
124
125
125
125
125
125
124
124
124
123
121
120
121
122
121
122
124
125
125
126
124
124
125
124
123
123
123
124
124
124
125
126
124
124
123
123
123
122
123
122
122
123
123
121
121
122
122
125
125
124
124
125
124
123
125
125
125
125
125
124
123
122
122
122
123
124
125
125
123
123
124
124
122
122
122
122
122
122
122
121
123
124
124
124
125
125
126
124
123
124
123
121
122
120
120
119
120
120
121
120
120
120
123
124
125
123
123
124
126
125
124
126
126
126
126
126
125
123
125
124
122
123
121
121
122
124
126
125
125
125
126
125
123
122
123
123
122
122
123
124
125
124
123
122
123
124
124
123
123
123
123
123
124
125
125
124
124
125
124
124
123
122
121
121
123
122
124
123
122
121
122
123
123
123
122
122
122
121
123
121
121
121
122
123
125
125
125
123
124
124
122
122
122
123
124
124
124
124
125
124
123
122
121
120
117
114
111
107
103
100
98
96
96
95
96
99
105
113
122
132
146
158
169
177
185
192
196
197
198
197
192
185
179
170
161
149
142
136
128
123
120
119
116
116
115
113
112
110
108
104
102
99
95
89
85
81
79
77
77
78
78
83
89
93
99
103
109
115
120
124
126
126
124
124
122
119
116
113
113
113
112
115
117
118
117
115
114
114
114
113
115
113
114
115
119
121
123
125
126
126
127
128
126
124
123
123
123
122
123
125
126
128
128
129
129
129
128
129
128
127
126
129
129
129
130
130
131
131
134
134
135
135
133
130
128
128
128
126
126
128
127
128
127
128
128
127
127
127
127
125
125
125
122
122
123
123
122
121
125
127
128
127
128
127
126
125
127
126
126
126
126
125
124
123
125
123
123
124
124
122
124
123
122
121
119
118
118
117
116
116
117
118
120
122
122
120
119
118
118
119
120
121
120
120
120
119
120
120
118
121
123
122
122
122
122
121
123
121
122
121
122
121
121
120
120
121
122
121
123
124
123
122
122
122
123
123
123
124
124
122
121
121
121
122
124
123
123
122
123
124
125
123
123
123
125
125
123
123
124
125
125
124
125
126
125
125
125
125
125
127
126
125
125
125
126
126
127
127
130
129
127
127
127
124
124
122
123
123
122
124
124
122
123
122
123
124
122
121
121
121
123
122
122
122
122
123
122
123
124
124
123
123
122
122
123
123
124
122
122
121
122
123
124
122
124
124
123
122
124
123
123
122
122
121
121
120
120
120
121
121
122
121
122
123
124
123
125
124
123
122
122
121
121
123
123
123
126
126
125
125
124
123
121
121
120
119
120
122
124
126
124
123
124
124
123
122
121
120
121
121
123
124
125
126
125
125
125
124
124
123
124
124
125
125
125
125
124
123
123
122
122
124
124
122
124
124
122
124
124
124
125
125
125
124
124
123
122
122
123
122
123
123
124
124
126
125
124
123
123
124
125
123
122
123
122
121
123
125
124
123
123
124
125
126
125
123
124
124
125
125
123
124
124
124
123
123
124
126
124
122
120
118
122
123
123
123
123
122
122
124
125
124
124
123
124
124
123
122
123
122
122
123
125
123
122
124
123
123
124
126
127
126
125
125
125
123
122
124
125
124
124
124
126
127
126
125
126
126
126
126
126
126
125
125
124
122
123
124
124
123
123
122
123
121
121
123
126
123
122
125
126
125
124
125
123
121
123
124
125
125
125
123
124
124
125
125
123
123
123
124
123
123
124
123
124
124
124
124
124
123
123
122
122
122
121
121
121
122
124
124
126
125
125
126
125
124
124
123
123
121
121
122
122
123
124
123
122
122
123
123
125
123
123
122
122
121
123
122
122
120
121
122
124
123
120
122
122
122
122
124
124
122
121
122
122
122
123
122
123
122
121
121
122
122
124
124
123
122
122
122
122
122
122
123
123
125
125
124
124
124
125
125
124
123
124
124
124
121
120
120
121
122
122
120
121
121
122
122
123
122
123
124
125
125
124
124
126
124
125
125
125
125
124
123
124
124
123
124
122
121
121
122
123
124
125
124
125
125
125
125
124
123
121
121
122
122
123
123
125
124
124
125
125
124
123
124
125
123
123
125
124
123
124
124
126
125
124
126
126
124
124
125
125
123
123
122
122
121
123
122
122
123
124
124
125
124
125
124
122
121
122
121
121
122
122
121
121
120
121
121
123
122
123
123
125
123
125
125
124
125
124
125
125
125
125
124
123
123
122
122
123
122
122
122
123
124
124
122
123
121
122
122
123
122
121
123
123
121
122
124
124
124
125
123
123
123
125
123
125
124
122
123
124
122
121
122
121
123
123
123
125
125
125
123
124
122
123
125
124
122
123
124
122
119
119
120
121
122
124
123
122
122
123
125
125
124
124
124
124
123
124
122
122
121
122
120
121
123
125
124
124
124
124
122
122
123
124
125
127
125
126
125
125
124
124
125
125
123
124
122
122
121
122
122
124
124
125
123
124
126
126
126
124
125
126
124
123
123
123
122
123
123
123
122
123
125
125
125
126
122
123
123
123
124
125
125
126
125
124
123
124
125
124
125
125
125
124
123
123
124
124
124
125
125
125
124
123
123
125
125
125
125
124
123
123
123
124
124
124
125
126
124
124
122
124
125
123
123
123
123
122
123
125
125
125
126
126
125
126
125
124
121
121
122
123
122
121
122
123
125
125
125
125
124
125
125
126
125
125
124
121
119
119
121
121
122
122
121
122
124
125
124
123
122
123
121
119
120
124
124
124
124
125
125
126
126
126
126
124
125
124
124
123
122
122
122
124
124
124
124
123
122
124
124
124
125
123
122
123
123
123
123
123
123
123
123
123
124
125
123
122
124
123
123
124
125
126
127
125
123
124
125
124
122
123
123
122
122
123
124
125
125
124
124
124
122
121
121
123
124
122
122
122
125
124
125
125
125
125
124
123
123
125
125
124
123
125
124
124
125
126
126
127
126
125
126
124
121
122
123
123
122
120
120
121
121
122
121
123
123
122
122
121
121
120
121
120
120
124
126
125
125
125
124
123
124
123
123
124
125
126
121
119
120
121
121
122
125
125
125
127
124
123
122
123
124
125
125
125
123
124
123
122
122
122
122
122
121
120
123
123
123
124
123
122
123
124
125
124
124
123
121
120
121
121
122
122
122
123
124
126
126
126
123
123
124
123
121
121
121
120
121
121
122
123
122
122
123
124
123
124
124
124
122
123
124
124
124
124
125
125
124
125
125
125
124
123
123
124
123
123
122
123
124
124
123
123
124
124
124
125
123
123
125
124
123
123
124
124
125
124
125
125
124
125
123
123
124
124
123
124
123
124
123
122
123
125
123
123
123
122
121
122
121
122
124
123
123
125
124
125
124
124
124
124
124
124
123
124
123
124
124
125
125
124
124
123
124
124
123
121
121
124
123
123
122
122
121
122
122
122
123
122
122
123
124
124
123
123
122
123
125
124
122
120
121
121
122
124
124
124
123
124
124
125
125
125
125
124
124
124
123
124
124
126
125
124
124
124
121
124
126
126
126
127
126
125
123
125
124
124
123
123
123
124
123
123
123
125
122
121
121
121
119
121
124
124
125
126
126
126
126
126
127
126
126
125
126
124
124
124
124
123
120
122
123
124
123
122
121
122
123
123
125
125
124
124
122
122
122
124
123
124
124
123
121
122
122
121
123
125
126
125
125
127
126
125
125
125
123
124
124
123
122
122
122
122
121
123
123
124
125
126
127
127
126
125
124
124
123
124
125
125
124
123
123
123
123
123
123
124
124
124
125
125
126
126
126
124
122
123
123
122
122
123
122
122
123
123
123
124
124
124
124
124
123
123
122
123
123
124
122
123
123
124
122
121
122
123
123
123
123
122
122
123
122
123
122
125
125
123
123
125
124
123
123
124
123
124
125
124
123
123
125
125
124
123
122
123
122
121
121
122
122
123
125
127
126
124
124
126
126
124
125
123
122
122
121
122
121
122
121
122
123
124
124
125
124
123
123
123
123
121
122
123
122
123
123
122
123
124
124
125
124
125
124
123
123
123
121
121
120
121
122
122
119
121
123
124
123
124
125
125
123
121
120
121
120
121
123
123
122
124
122
123
124
124
125
126
126
123
122
124
123
121
122
122
122
122
122
124
125
124
123
125
122
123
125
126
126
124
122
122
121
121
121
121
121
120
121
122
123
124
125
124
122
124
124
124
123
124
124
124
122
120
118
117
118
120
121
120
119
121
122
123
123
123
123
122
122
123
122
123
121
122
123
123
121
122
122
122
122
122
122
122
121
122
121
122
122
123
123
123
122
123
124
126
126
125
125
126
125
125
125

