131
132
130
131
131
130
128
129
131
131
132
132
134
133
130
128
130
130
132
131
132
132
132
133
132
130
130
131
132
130
131
132
132
133
132
131
131
131
132
132
133
132
132
132
131
130
132
134
134
132
131
129
130
130
130
129
127
129
129
128
129
130
132
132
131
129
132
132
131
131
131
132
132
133
133
133
131
130
131
130
128
128
128
127
128
129
129
129
129
130
129
132
132
132
131
129
128
130
132
131
131
130
130
131
133
133
132
131
130
130
127
128
129
130
131
129
130
131
132
132
133
132
131
130
130
129
129
130
130
129
129
129
130
130
130
129
129
130
130
129
129
129
130
130
130
131
132
129
128
129
130
130
131
131
131
130
130
127
129
129
127
128
130
129
127
128
128
130
131
130
129
129
130
130
132
131
131
129
128
127
127
127
130
131
133
132
131
130
131
131
132
131
130
131
131
131
131
132
131
133
134
134
134
133
133
132
133
133
132
129
131
130
129
130
130
130
132
133
132
134
133
132
130
130
131
130
130
130
131
131
130
131
131
131
130
130
132
130
130
129
127
127
127
128
130
130
130
130
132
134
131
130
131
131
133
134
132
131
131
131
130
130
128
127
127
127
129
129
130
131
132
132
132
132
132
130
131
130
130
128
129
130
129
128
130
129
130
129
130
131
130
131
131
131
130
132
131
131
133
131
131
132
133
134
135
135
135
135
137
138
138
137
140
139
139
138
135
131
126
119
110
102
93
84
75
69
63
63
66
71
76
83
94
106
119
132
144
154
163
172
180
182
185
184
183
181
180
180
179
176
175
176
174
173
171
171
170
169
167
166
165
162
157
152
146
140
134
127
121
116
110
109
108
107
109
111
114
120
125
129
133
134
136
135
132
129
126
124
123
122
120
120
121
123
124
125
125
125
126
125
122
122
122
120
119
120
122
122
125
126
127
126
125
125
122
120
119
119
120
119
117
116
116
120
122
124
124
126
127
127
127
128
130
130
131
133
133
133
132
133
134
135
135
136
137
138
138
137
135
135
135
137
139
138
138
138
139
137
134
134
133
132
133
133
132
132
132
131
132
133
132
132
133
132
132
132
131
131
133
134
134
136
137
137
136
133
133
134
134
134
135
133
132
134
136
136
135
134
134
135
133
131
130
131
128
127
127
127
126
126
126
126
125
126
127
127
128
126
127
127
127
129
130
129
130
130
131
130
130
129
129
128
129
129
128
126
126
127
128
130
132
133
135
134
134
132
129
127
128
128
128
128
127
128
128
128
128
129
130
130
130
129
128
126
127
125
125
127
128
129
128
127
127
129
131
131
132
134
135
133
131
130
131
132
132
133
134
133
134
133
135
133
132
132
133
132
132
133
131
130
128
131
131
130
130
131
132
131
133
133
133
130
131
132
133
131
130
130
129
128
128
129
129
129
131
132
131
131
131
131
129
129
129
129
129
129
130
130
129
129
131
133
132
129
131
131
130
130
129
130
129
130
132
131
131
132
132
132
131
132
132
132
130
131
129
129
128
129
129
128
127
129
131
131
129
129
128
129
130
131
131
132
131
132
131
129
130
130
128
129
129
129
130
129
129
130
131
130
129
128
130
131
132
129
128
129
130
130
130
129
128
129
128
127
129
130
130
131
132
132
130
129
130
129
130
131
130
131
129
131
131
130
130
131
132
129
130
131
132
131
133
132
131
130
128
127
128
128
128
131
131
130
131
131
130
130
131
131
130
131
133
131
131
130
130
129
130
129
130
130
131
132
134
135
133
132
132
133
133
131
131
131
132
130
128
128
129
128
129
130
130
129
129
131
131
129
130
131
132
131
131
132
133
133
132
131
132
130
129
130
130
130
130
130
132
130
130
129
131
131
131
133
132
132
131
130
129
129
130
130
129
129
131
132
131
129
130
131
130
128
127
128
127
128
129
130
130
131
133
133
131
132
132
131
129
130
131
133
132
131
131
133
132
130
129
128
128
129
130
129
129
130
132
133
132
132
132
131
132
130
130
129
131
129
129
128
129
128
127
127
129
129
130
131
133
131
130
131
130
129
129
131
131
131
129
131
132
131
128
128
129
129
128
129
130
129
128
129
130
130
130
133
132
130
132
131
130
130
130
130
130
129
129
128
129
130
132
132
131
131
133
133
132
131
132
132
131
130
130
131
131
130
129
131
130
130
130
130
130
129
131
132
132
132
134
133
131
130
128
127
128
128
127
128
127
129
130
129
129
130
131
133
133
134
133
132
130
130
130
130
132
130
130
131
132
134
134
133
132
131
129
131
131
130
127
128
130
129
130
131
131
130
131
131
132
130
128
129
129
128
126
125
126
127
128
130
131
131
131
132
132
133
133
133
133
132
131
129
130
129
130
128
128
129
130
131
132
133
133
134
134
133
135
134
134
133
132
129
128
129
129
131
132
131
131
131
129
130
132
132
131
131
132
132
133
131
131
131
131
131
131
131
131
129
129
129
130
129
130
130
131
130
129
129
130
131
132
132
134
133
130
131
131
132
133
133
134
132
131
131
129
128
129
129
127
127
127
127
129
130
131
131
132
132
133
133
133
131
130
131
130
129
130
129
130
129
127
127
130
129
129
130
130
130
133
134
132
130
131
131
130
130
132
132
132
131
132
131
130
130
131
131
129
129
130
131
132
130
130
129
130
131
131
131
131
132
131
130
129
130
131
130
130
130
128
127
129
129
131
131
130
130
131
132
131
129
129
128
128
129
131
130
131
132
134
134
132
132
131
129
129
129
128
128
128
129
131
131
131
131
130
131
130
133
131
130
129
131
132
131
131
129
128
129
130
130
129
129
128
129
129
131
132
131
132
133
131
132
131
131
131
130
131
132
131
131
131
132
132
131
130
130
128
129
129
128
127
129
132
133
132
132
133
133
130
129
129
130
129
129
130
129
129
129
129
127
129
130
131
132
131
130
131
131
132
131
131
130
129
129
130
129
130
129
128
130
131
130
128
129
130
129
129
127
128
130
130
131
133
132
132
135
133
131
130
131
133
132
133
133
133
131
130
129
130
129
129
130
131
129
129
130
131
129
127
128
131
129
130
131
131
132
132
130
129
128
128
129
130
130
132
133
130
130
131
133
133
133
134
134
133
133
131
129
131
131
132
132
131
131
132
131
130
132
132
130
130
131
132
132
133
131
132
133
132
132
130
130
129
129
127
127
129
128
129
130
129
129
131
133
134
132
130
129
129
128
127
127
128
128
128
130
132
131
132
133
132
130
130
130
129
130
129
130
131
131
132
134
135
134
132
132
133
131
130
130
130
129
130
131
130
130
132
133
133
132
132
133
132
132
132
133
132
133
131
130
130
130
131
129
129
129
130
132
133
132
131
130
129
128
129
130
129
130
128
129
131
133
133
133
133
131
131
130
129
130
131
131
130
131
132
131
129
129
130
128
130
130
129
127
130
133
132
130
131
131
131
130
131
131
130
129
130
129
129
129
129
130
129
131
131
130
130
130
131
131
131
130
130
127
127
127
128
128
128
130
131
132
131
130
131
129
130
131
130
129
128
128
128
128
129
131
131
129
128
128
130
129
130
129
127
127
127
129
130
130
130
131
130
130
131
129
130
131
131
129
131
131
130
133
133
133
133
132
132
130
130
128
128
128
130
132
134
131
131
133
134
136
135
136
135
133
131
129
130
131
131
131
131
131
130
130
130
130
128
130
129
129
130
129
129
128
129
129
130
131
132
133
132
131
129
131
134
134
133
134
134
132
131
131
131
129
130
133
133
132
132
134
132
132
132
133
131
129
128
129
129
129
129
131
131
132
131
133
131
130
132
132
131
130
130
130
131
131
134
132
132
131
133
134
132
132
134
133
133
133
131
131
129
129
130
131
132
132
132
132
131
131
132
133
132
131
133
132
132
129
130
131
131
132
133
133
133
134
132
129
130
128
127
127
128
129
130
130
132
132
131
130
129
129
127
129
130
129
130
129
132
132
131
132
133
132
131
132
132
130
130
129
131
130
130
130
131
129
129
128
129
129
126
127
128
128
128
129
130
129
130
131
130
130
131
132
132
132
131
131
130
130
132
129
128
129
129
128
128
128
130
129
129
129
130
129
129
129
130
129
131
131
130
129
131
131
130
128
128
129
128
128
128
129
129
129
131
134
134
134
134
132
131
132
130
128
127
130
131
130
130
129
131
131
130
129
129
127
127
130
131
132
132
134
133
132
130
129
130
129
130
132
132
131
130
130
129
128
129
131
132
130
130
129
131
129
130
130
131
130
131
131
130
130
128
128
128
128
128
129
129
129
130
129
129
129
129
130
130
130
129
129
129
129
129
128
127
129
128
128
128
127
127
127
129
131
130
130
130
131
134
134
134
132
131
129
127
127
128
128
130
131
132
134
135
133
132
132
135
134
135
134
133
132
133
133
132
130
131
131
130
130
130
130
130
129
130
129
129
129
129
131
132
133
133
133
133
132
132
131
131
130
128
129
129
128
129
129
129
129
128
130
130
130
131
131
130
129
133
133
130
130
131
130
130
131
131
130
129
129
130
129
130
131

