126
126
125
126
126
127
126
126
126
126
125
124
124
124
122
124
125
123
121
121
120
118
117
117
119
122
123
123
124
124
124
126
125
125
123
123
123
123
123
124
125
126
126
125
125
123
121
123
122
122
121
124
125
125
124
123
124
125
125
124
123
123
122
124
123
124
122
122
123
124
124
124
125
125
126
127
126
124
123
122
122
123
124
125
124
124
123
126
125
125
124
123
125
125
126
126
123
122
122
122
123
125
123
122
123
122
123
124
122
123
121
122
123
123
123
122
122
124
125
125
127
126
126
124
123
121
120
121
121
120
121
124
123
125
127
126
126
126
126
125
123
124
122
123
119
119
121
124
125
125
127
126
127
127
127
125
125
124
122
123
122
123
124
125
126
127
126
124
125
125
126
125
125
125
126
126
126
126
124
125
125
126
126
126
126
127
128
127
127
126
123
123
124
124
123
124
124
125
127
125
126
127
126
128
128
127
126
124
123
126
127
126
126
126
125
126
127
127
127
125
125
124
124
124
123
122
121
123
123
124
123
123
122
124
123
122
123
125
124
124
124
124
123
123
123
124
123
123
124
125
124
123
123
124
125
125
124
124
124
124
124
126
127
127
126
127
127
126
125
126
126
124
124
124
122
121
120
122
123
124
123
124
122
123
125
125
124
124
124
124
124
124
125
124
125
125
126
126
124
123
122
120
119
120
120
122
121
124
125
127
129
131
133
136
139
144
148
155
158
161
162
164
162
157
150
141
131
121
108
96
82
70
60
52
47
46
47
49
52
58
66
75
81
88
94
101
105
107
113
116
119
122
122
123
125
127
132
136
140
143
147
153
158
161
164
166
168
169
166
163
160
154
148
142
134
129
125
124
123
123
125
129
130
132
136
138
138
139
138
136
135
133
131
132
131
130
128
129
129
128
129
130
130
129
127
126
125
125
124
125
125
125
126
127
127
127
127
126
126
124
123
122
120
118
117
117
116
117
119
120
119
117
116
115
113
114
114
113
113
112
111
113
115
117
119
120
120
121
119
119
121
123
122
124
124
126
125
124
125
124
125
125
124
124
124
122
122
123
122
123
123
122
121
123
122
120
121
119
117
115
118
119
118
119
122
124
123
123
123
124
124
125
127
128
126
128
129
129
128
128
129
130
129
129
129
127
126
125
125
125
123
124
124
122
120
122
123
124
124
125
125
126
126
127
127
127
125
125
125
124
124
125
125
125
123
125
124
123
121
122
125
126
125
124
125
124
124
123
123
124
125
125
127
127
127
125
126
126
126
126
125
127
127
127
126
127
125
125
125
125
124
122
124
123
121
122
122
122
122
122
123
124
124
123
122
123
122
123
123
123
124
122
122
124
125
126
127
126
126
126
126
126
124
124
127
124
123
124
124
124
125
125
126
126
125
125
125
125
124
124
124
124
123
124
124
124
125
126
126
127
126
127
126
126
126
124
125
124
124
125
124
124
123
124
125
125
123
123
124
126
126
125
125
124
125
126
125
125
126
126
126
125
124
125
124
125
126
125
125
126
126
126
126
125
124
125
125
125
124
125
124
124
123
123
124
125
124
126
125
124
124
124
123
124
122
122
125
125
124
123
123
124
123
124
125
126
126
125
126
126
125
125
126
125
125
124
125
125
125
126
125
124
123
125
124
124
124
125
123
123
124
125
125
126
125
127
127
127
125
125
125
125
125
126
123
122
122
123
124
125
124
124
125
126
126
126
127
127
127
126
126
125
126
125
125
124
122
123
122
123
124
125
122
123
124
123
121
122
122
122
124
125
125
124
124
125
126
128
127
126
125
124
123
123
122
124
125
125
126
127
127
128
129
127
125
126
126
123
122
123
121
121
122
123
122
122
124
126
124
124
125
125
125
125
124
125
124
124
123
123
124
123
124
123
122
123
123
126
126
125
126
125
125
124
124
124
124
124
124
124
124
125
125
125
123
124
125
126
125
123
122
122
122
124
124
124
124
126
125
124
124
125
124
125
123
122
123
125
126
124
124
126
126
126
127
127
127
125
123
123
120
120
122
123
124
124
125
127
127
125
124
124
125
125
123
123
123
122
123
123
123
126
125
125
127
126
126
126
126
125
125
124
124
124
126
123
124
126
126
127
127
126
126
126
125
125
123
123
121
122
123
124
123
125
124
125
124
125
124
124
123
123
123
124
124
124
125
124
123
123
124
124
124
124
123
124
123
125
125
125
125
124
125
125
122
121
121
123
123
123
122
123
123
124
123
123
126
126
125
125
124
122
122
122
123
126
125
124
124
125
125
125
126
126
126
126
125
124
122
123
123
124
124
125
127
125
126
125
126
124
125
125
124
123
124
124
123
124
124
125
126
126
125
126
124
124
124
124
124
126
125
126
126
126
125
126
125
123
122
124
123
122
122
124
124
125
124
126
128
126
123
124
122
121
120
121
123
124
125
126
126
126
125
127
125
123
123
123
123
124
125
124
125
124
124
125
124
124
124
124
124
126
125
126
126
125
125
126
125
124
125
126
124
124
122
120
121
121
121
124
125
125
125
124
123
124
126
126
125
125
125
127
127
127
126
125
124
125
124
125
124
123
125
125
125
126
125
127
128
127
126
123
122
124
123
125
127
127
127
126
125
126
126
125
125
126
127
127
125
123
123
122
122
124
125
125
125
124
125
126
126
125
126
124
123
124
125
124
123
121
123
125
125
124
124
123
122
123
124
123
122
123
122
123
123
123
124
126
126
126
125
125
126
126
125
123
122
123
123
123
123
123
122
122
122
124
126
127
127
128
127
127
126
125
124
123
122
122
123
123
121
122
123
124
123
123
123
125
123
123
122
122
122
121
122
123
124
124
124
124
123
123
123
124
121
121
122
123
122
123
123
124
124
125
124
124
125
125
125
126
125
125
127
125
125
125
125
126
129
128
126
125
125
126
124
125
124
122
123
125
126
127
127
125
126
126
126
125
125
125
122
123
123
121
121
122
122
122
122
123
122
124
124
124
124
123
122
124
124
124
124
124
126
126
126
124
124
125
125
124
125
125
126
126
126
125
125
125
125
123
125
125
124
124
124
124
124
124
126
126
125
125
124
123
123
120
122
121
121
123
124
124
123
123
125
126
127
126
125
126
125
124
125
124
124
126
128
127
125
125
124
124
121
120
119
121
120
121
123
125
124
126
126
126
126
124
125
125
124
123
121
123
122
121
122
124
124
125
125
126
125
125
125
125
124
125
123
124
126
125
126
126
125
125
124
124
121
121
119
121
122
124
123
124
125
124
126
125
126
127
126
125
124
124
125
125
124
123
123
124
123
122
124
125
125
127
126
127
125
125
124
123
123
125
124
122
123
125
126
125
125
127
125
124
123
125
125
124
124
125
124
125
125
125
125
126
127
127
128
125
123
123
124
124
125
125
126
127
126
125
125
124
125
126
124
124
123
123
122
121
123
124
122
123
123
122
125
127
129
127
126
127
127
126
125
125
126
124
123
123
122
122
122
123
123
124
124
124
124
123
122
123
122
123
123
125
127
126
125
126
127
127
127
127
125
125
123
124
123
125
125
125
125
123
123
123
124
124
125
127
126
125
124
124
122
121
121
123
122
123
123
122
122
122
124
124
126
125
126
126
124
125
125
125
123
123
124
125
126
126
124
124
127
127
125
126
125
126
127
126
126
125
126
126
125
126
124
124
123
122
122
125
125
125
124
126
127
125
126
126
126
126
125
126
124
126
125
125
123
124
124
125
125
125
123
124
124
126
125
124
124
125
125
125
125
125
126
125
123
123
126
124
121
123
124
126
124
124
124
126
125
125
125
125
126
123
124
124
124
126
124
125
127
126
126
127
125
125
125
126
126
124
125
124
125
126
124
124
125
125
124
125
125
125
124
124
125
125
125
123
122
122
122
121
121
124
124
124
125
126
124
125
125
125
126
124
124
126
125
126
125
124
125
126
125
125
123
125
123
122
123
123
121
123
124
122
123
124
124
123
124
126
125
126
125
124
124
122
121
122
122
121
121
123
123
124
125
125
125
126
126
125
126
129
126
126
126
125
124
125
124
126
124
125
125
124
122
121
123
123
124
127
126
126
127
125
123
124
125
125
125
124
124
124
123
122
121
123
124
123
123
125
125
124
124
123
122
123
121
123
124
125
124
126
127
126
127
126
125
126
126
126
126
126
124
123
122
123
122
123
123
124
125
126
126
127
125
126
125
125
123
122
122
122
122
122
122
123
124
124
125
125
125
125
124
124
124
124
125
124
124
125
125
124
122
124
125
123
123
124
123
124
123
124
124
124
123
126
125
125
125
125
125
126
125
124
125
123
122
120
123
124
122
122
124
124
122
122
123
125
124
125
125
125
124
123
123
125
125
125
125
125
123
124
125
126
127
123
121
121
122
124
124
125
125
126
126
126
124
121
120
123
122
122
123
124
124
124
126
127
126
127
127
127
126
126
126
125
121
121
122
122
120
121
124
124
125
127
127
127
127
125
125
125
124
123
122
121
122
123
125
125
124
124
124
123
124
124
124
125
124
125
126
125
124
124
125
126
125
127

