127
128
128
128
129
129
127
127
126
126
127
127
127
128
128
129
129
127
126
127
128
128
128
128
128
126
125
127
128
127
128
126
126
128
126
128
128
127
128
128
129
130
129
131
131
130
130
131
131
130
129
126
124
124
126
127
126
126
128
129
128
127
127
128
128
127
126
126
125
126
127
127
127
127
127
126
128
128
129
129
130
129
128
127
127
127
128
127
128
130
129
129
128
128
128
129
128
127
127
127
127
126
126
127
129
127
126
127
129
130
127
127
127
127
126
127
128
127
126
127
128
127
125
126
126
124
125
127
127
127
129
130
129
128
129
130
130
128
127
128
127
127
128
129
129
128
128
128
127
128
129
127
128
126
128
129
128
130
130
129
128
128
128
129
128
127
130
130
128
128
127
126
128
129
127
127
126
127
128
128
127
128
128
129
128
129
130
130
128
128
128
127
129
130
128
130
130
128
129
128
128
130
129
129
129
128
129
128
127
127
126
126
127
126
126
129
128
126
127
128
128
126
127
126
125
125
126
127
126
126
125
127
127
126
127
129
127
128
128
129
130
131
133
132
132
129
127
129
128
128
128
126
128
128
127
128
128
127
126
129
129
130
129
128
127
125
127
127
127
126
127
128
127
127
129
128
128
127
127
127
127
129
129
128
129
130
128
129
129
130
131
129
129
129
130
128
128
130
128
129
129
129
129
129
129
130
133
135
136
136
137
136
135
135
132
132
128
122
116
109
102
94
85
78
71
67
65
66
67
73
82
93
106
120
132
143
156
166
173
179
184
187
187
186
184
181
179
178
177
172
169
167
165
166
164
162
160
160
158
156
154
150
145
141
134
126
119
113
106
102
100
99
101
102
105
110
114
118
122
126
128
130
129
127
126
126
124
120
116
116
116
116
116
117
116
119
119
118
118
116
117
116
115
114
115
116
118
121
122
123
121
121
118
117
116
116
117
118
118
116
118
119
120
123
127
126
125
125
123
122
124
125
124
126
125
128
130
132
134
136
137
136
136
136
136
135
136
136
136
136
136
135
135
134
136
136
133
130
130
129
126
125
125
125
125
126
127
127
128
128
130
129
129
130
129
129
127
126
127
128
127
129
131
132
133
134
134
132
130
131
130
131
132
132
132
131
129
129
129
128
128
128
127
126
126
125
126
126
126
128
128
126
124
124
124
126
126
125
124
125
127
127
129
129
127
127
127
128
126
126
126
128
129
127
126
128
128
126
127
129
129
128
128
129
128
127
127
127
129
128
129
129
129
128
127
126
127
127
128
129
129
129
128
128
127
126
125
127
125
126
126
126
125
127
129
129
128
128
129
130
128
130
130
130
130
131
128
126
128
128
128
128
129
131
129
129
130
131
131
130
129
130
128
128
129
130
128
129
128
127
128
129
128
128
129
129
128
129
130
131
130
129
129
130
130
129
128
128
127
126
125
125
124
126
126
127
127
127
128
128
128
130
131
130
129
128
127
127
126
126
127
129
129
128
129
130
129
127
128
129
129
128
129
129
129
128
128
126
126
126
127
129
128
128
129
128
127
128
129
129
130
131
130
130
128
128
128
127
126
127
129
130
128
128
129
129
128
126
128
130
129
127
127
126
126
128
127
127
127
127
129
130
129
128
128
129
129
128
128
127
126
126
125
125
127
127
127
128
127
127
126
126
127
127
126
128
127
127
127
128
128
127
127
127
127
126
128
127
127
125
125
126
126
127
126
127
127
128
125
126
128
127
128
128
128
126
126
129
129
128
129
129
129
129
129
129
126
124
125
126
127
127
129
130
128
129
132
130
128
129
130
130
128
129
129
130
129
128
128
128
127
126
126
126
127
127
129
127
127
126
127
126
126
126
126
127
125
124
124
123
124
127
128
128
129
127
128
127
126
126
126
128
128
127
127
127
127
127
128
127
127
127
129
130
129
128
129
129
129
127
127
126
127
128
128
127
127
127
128
128
128
125
125
126
125
124
126
127
130
129
129
129
128
128
127
127
124
123
123
124
123
125
126
126
125
127
130
130
130
131
130
130
130
130
128
126
125
126
125
127
127
128
129
129
128
127
129
129
129
127
127
129
129
126
126
127
128
130
130
130
129
130
130
130
130
131
130
129
129
130
128
128
128
129
129
130
130
130
129
131
131
132
131
129
128
127
128
129
127
127
129
129
128
128
127
128
129
130
128
128
126
125
125
126
125
125
126
128
128
127
128
130
129
128
127
127
126
127
128
129
128
128
128
127
128
127
127
128
128
128
129
129
127
127
127
127
127
127
127
130
129
129
129
130
128
127
126
127
126
128
126
127
127
127
130
128
128
129
128
129
131
130
128
128
128
129
127
129
128
129
128
127
127
127
126
128
129
131
129
129
128
128
128
127
128
127
127
128
129
130
130
131
130
128
129
131
131
128
126
126
127
126
127
129
129
130
131
132
130
129
130
131
129
128
128
127
127
128
129
129
129
129
129
129
129
130
128
128
127
127
126
127
129
129
128
128
128
128
129
129
129
128
127
127
126
126
125
126
127
127
126
127
127
128
128
128
127
127
128
128
127
126
127
128
128
128
128
128
128
127
126
127
127
127
127
127
127
127
126
125
126
127
128
128
128
127
128
129
129
128
128
128
128
127
127
128
128
127
127
127
127
125
123
126
126
126
126
128
129
129
130
130
129
127
126
127
126
126
125
126
128
127
127
127
128
128
128
128
127
128
130
129
128
127
126
127
129
130
129
128
128
129
128
128
127
127
126
127
125
124
122
124
125
126
127
127
126
127
127
126
125
126
127
127
129
129
128
128
128
129
130
130
130
131
129
129
129
128
127
126
127
128
130
131
129
129
128
127
125
126
127
127
128
127
127
127
127
127
127
126
127
125
125
125
126
126
125
124
124
125
125
125
126
126
127
128
127
126
126
128
128
126
125
126
125
125
126
127
127
126
125
127
128
128
128
129
127
129
130
130
128
128
127
127
124
125
128
129
126
127
130
129
127
128
127
125
124
125
126
127
128
128
128
130
129
127
127
127
126
127
128
128
129
129
128
127
128
127
127
127
128
127
128
127
126
128
127
128
130
130
129
129
130
131
130
129
127
127
127
127
126
127
127
128
130
130
129
129
129
127
125
126
128
128
128
128
127
127
125
127
126
127
127
129
128
127
128
129
129
128
128
129
126
128
128
126
126
126
129
129
130
129
129
128
127
126
126
126
126
127
126
126
126
128
128
128
127
127
127
127
128
127
127
125
125
125
126
126
126
125
125
127
125
126
126
129
129
128
127
127
129
130
128
127
127
127
127
129
129
130
130
130
128
128
127
127
126
127
127
126
126
127
126
127
126
126
125
128
129
128
127
127
126
126
125
127
127
127
129
129
128
126
128
129
129
127
128
127
126
125
126
127
128
127
127
128
128
128
128
130
130
130
129
130
128
127
127
127
127
128
128
126
126
126
129
129
128
127
128
128
128
127
127
127
128
128
129
128
126
127
129
130
127
127
127
127
126
127
127
129
128
126
126
126
127
127
129
128
128
128
127
126
126
128
126
128
130
130
129
129
128
127
127
128
129
129
128
128
127
127
128
130
128
128
130
131
129
127
128
129
128
128
131
131
129
129
129
130
131
131
131
130
129
128
128
129
130
130
128
128
126
127
128
129
129
131
131
129
127
124
125
126
126
126
127
126
127
127
127
128
126
126
126
126
125
126
127
129
128
130
128
128
129
129
128
130
129
129
129
129
128
130
129
127
128
129
129
129
129
130
131
129
129
129
129
128
129
126
126
127
127
126
128
127
127
127
128
129
128
126
127
127
128
126
127
127
127
128
129
130
129
128
127
127
127
126
126
128
128
127
129
129
128
127
128
128
129
129
128
128
128
128
128
131
131
130
129
129
128
128
130
132
129
129
129
130
130
129
129
129
128
128
129
128
127
127
128
128
128
127
128
128
128
128
128
127
127
126
127
128
128
129
128
127
127
128
127
128
128
126
126
127
126
128
128
128
127
125
128
130
130
129
128
128
129
129
129
128
128
130
129
130
129
130
128
128
129
128
126
126
127
126
126
128
128
127
128
129
128
127
127
130
127
127
129
131
131
128
128
129
128
126
127
127
126
127
128
129
127
127
127
127
127
126
126
126
126
126
128
129
129
130
129
129
129
130
127
127
126
126
129
128
127
126
128
130
128
127
129
129
131
130
129
128
128
127
129
128
128
126
127
129
129
130
128
128
128
129
130
129
130
131
130
129
128
129
129
129
128
128
128
127
126
126
125
128
129
129
130
130
130
130
129
129
129
127
126
126
125
125
127
127
127
126
127
129
129
129
129
127
127
127
128
128
129
128
128
128
127
127
127
129
129
130
129
131
129
127
128
128
126
127
127
127
128
127
129
128
127
127
128
127
128
129
131
128
126
127
127
128
128
128
128
129
128
126
126
126
126
125
127
127
128
129
128
128
129
130
129
129
128
128
128
130
129
128
127
129
129
129
129
129
128
127
126
128
127
127
128
128
128
126
127
127
126
127
126
128
129
129
129
129
127
126
127
127
127
128
128
128

