138
139
140
141
141
141
143
143
140
140
140
142
140
140
139
138
138
139
140
141
141
141
141
142
143
141
140
139
140
139
141
140
138
139
139
139
139
138
137
138
138
140
140
139
138
138
139
140
139
137
137
138
139
140
140
140
137
139
139
137
138
140
141
141
139
139
140
141
142
141
140
140
141
139
139
139
140
139
139
138
139
140
143
142
141
141
140
142
143
142
142
141
139
139
139
139
140
139
138
140
140
140
138
138
138
138
140
141
140
142
140
140
140
141
142
142
141
141
140
141
140
139
139
139
138
137
137
139
141
142
143
143
141
140
141
143
144
144
141
139
137
137
137
139
140
142
142
142
140
140
141
143
141
139
139
136
135
136
138
140
139
139
140
141
141
141
139
140
139
137
137
137
137
138
141
141
141
141
141
141
140
139
139
139
139
140
139
139
137
139
141
141
140
142
141
141
140
141
141
142
141
142
143
142
140
140
139
137
138
138
136
137
138
138
138
140
139
140
141
141
139
137
138
139
139
140
140
140
140
139
138
138
136
136
138
139
139
140
141
140
139
141
141
138
139
141
140
140
139
139
139
139
139
139
138
136
138
138
139
139
138
138
137
138
138
138
140
141
140
141
141
142
142
142
141
140
138
137
135
136
136
136
136
137
139
139
137
137
138
139
139
138
138
139
138
138
138
137
138
137
137
137
137
135
136
138
139
141
141
143
145
149
152
156
160
165
170
172
171
173
173
171
167
161
152
140
128
117
103
90
77
69
63
58
56
59
62
66
74
83
91
99
106
115
120
128
134
139
142
145
147
150
150
149
151
153
156
161
165
168
171
177
182
186
189
190
189
186
180
175
169
161
155
149
144
140
137
137
139
142
146
149
151
152
155
156
156
156
154
151
147
146
147
146
145
145
145
147
146
147
146
144
143
141
140
138
136
138
139
138
137
138
139
138
138
139
138
136
134
134
134
133
131
130
131
133
134
134
133
133
132
132
131
129
130
130
129
127
129
131
131
133
135
136
136
137
137
135
136
137
138
138
140
142
145
145
145
148
146
145
144
143
143
142
139
138
137
139
138
138
138
139
137
139
138
137
137
136
136
135
136
136
135
137
139
141
142
141
140
141
143
145
145
146
143
142
141
143
144
144
144
145
144
144
145
144
143
141
142
142
142
143
142
140
141
141
141
139
138
139
137
138
139
138
138
141
142
143
143
142
143
141
141
141
141
142
141
140
140
139
139
140
139
139
139
142
143
142
141
141
142
141
141
139
141
143
141
140
140
139
139
139
139
139
139
139
138
139
138
139
139
138
137
137
137
137
137
135
136
136
135
135
137
137
136
138
139
139
139
139
140
138
138
141
141
140
140
140
139
142
141
141
140
142
141
141
141
141
141
142
143
143
142
141
139
140
140
140
140
141
140
141
140
141
141
140
140
141
141
141
141
143
142
140
140
141
140
140
140
140
141
142
140
140
138
136
137
139
138
138
140
141
141
139
140
141
142
141
143
144
143
141
141
141
139
138
137
136
136
137
139
139
140
141
142
141
140
141
141
142
140
139
141
141
138
139
141
141
139
137
138
139
140
140
141
140
139
139
139
140
140
142
141
141
141
142
143
143
141
140
140
140
140
141
141
141
140
139
139
139
139
140
141
141
141
141
142
143
141
142
142
142
142
141
139
139
139
139
139
139
139
140
140
141
140
141
143
144
143
142
143
142
142
140
140
139
139
139
139
142
142
142
141
141
139
140
140
139
140
141
140
139
139
140
138
138
136
137
136
137
136
138
140
140
140
139
139
140
140
141
138
137
136
136
136
137
138
139
138
137
139
139
137
137
138
139
140
141
140
140
139
139
139
139
139
141
140
141
140
140
139
140
138
139
139
140
141
141
141
142
142
140
140
140
140
140
138
138
137
139
138
138
139
139
137
138
140
142
142
140
139
139
139
139
139
142
141
139
138
138
140
140
140
138
138
137
140
141
141
141
140
140
140
141
143
142
141
140
142
143
142
142
142
143
142
141
138
139
137
138
137
136
135
135
136
136
138
139
137
139
141
138
137
139
137
138
139
140
139
141
141
142
140
140
140
139
138
137
137
138
135
136
139
139
139
140
141
141
143
143
143
143
143
141
138
139
139
137
137
138
139
138
139
140
139
137
137
139
140
140
140
143
142
140
141
141
140
140
139
139
138
138
137
137
138
137
138
139
137
138
140
141
140
139
139
139
139
137
138
140
141
140
138
138
135
135
137
138
136
137
139
140
138
138
140
140
140
140
141
141
140
138
139
139
138
139
140
139
140
139
140
140
140
141
141
141
139
139
141
140
139
138
139
139
139
139
140
141
142
141
142
141
140
140
138
138
137
138
137
137
137
138
137
136
137
138
138
137
135
136
138
138
136
136
137
137
138
139
139
138
139
140
138
138
139
140
139
138
139
140
141
139
139
140
137
137
138
138
136
136
136
138
140
139
139
139
138
136
137
139
138
138
139
140
139
140
140
140
139
140
141
140
140
140
140
140
140
138
135
136
136
136
136
137
139
140
143
143
143
143
143
142
141
140
141
140
138
140
141
142
141
141
141
142
141
141
142
143
143
142
142
141
139
140
143
142
139
141
142
142
141
139
140
140
139
138
138
137
135
137
138
139
140
141
140
139
139
139
139
140
139
139
139
137
138
139
139
138
138
137
138
139
141
142
140
139
138
138
137
136
137
139
139
138
140
142
141
141
141
141
141
141
141
141
141
141
141
141
140
139
139
138
136
138
138
139
141
140
139
139
139
138
138
142
143
142
142
141
139
139
140
140
140
142
141
140
137
136
137
140
140
139
139
139
140
140
139
138
139
139
138
138
138
138
136
137
137
137
138
137
137
138
139
139
139
138
139
140
142
140
138
138
139
138
139
139
139
140
141
140
138
140
139
140
139
138
138
139
139
139
139
139
139
138
138
138
137
136
136
136
134
135
137
138
137
139
139
138
139
139
139
139
139
138
137
136
138
139
140
140
141
141
141
141
140
139
139
138
138
137
137
138
137
139
139
139
139
140
141
140
137
139
140
139
138
138
139
139
139
140
141
141
141
139
138
138
137
136
136
138
139
140
139
139
139
139
140
140
138
138
137
137
137
137
139
139
139
139
141
143
143
141
140
140
140
140
140
138
139
139
139
137
136
138
139
141
141
140
141
142
140
139
140
142
141
142
142
143
142
141
140
139
139
139
138
140
140
140
141
144
145
144
142
139
139
139
141
140
141
141
139
141
141
139
139
138
141
143
142
142
140
140
141
141
142
142
143
144
143
141
140
139
139
138
137
137
137
137
137
138
139
139
140
142
143
142
140
140
141
141
140
138
137
137
138
138
138
137
135
138
138
137
137
139
140
140
142
142
141
140
141
140
140
139
137
137
137
135
136
137
137
139
139
139
137
137
137
138
137
135
137
137
136
138
140
139
139
139
141
142
142
142
141
140
139
139
138
140
140
141
141
139
139
140
140
140
139
138
139
138
137
136
136
136
135
138
137
136
138
140
141
141
140
139
139
141
141
140
139
140
140
138
139
139
138
138
138
138
139
139
138
138
137
136
138
140
140
139
141
142
141
139
140
140
141
141
140
139
138
139
141
141
140
142
142
141
140
140
139
139
139
138
139
138
137
137
138
138
137
138
139
138
138
139
140
139
139
140
141
142
141
141
140
140
139
139
141
139
139
139
139
141
141
140
139
140
139
140
138
139
139
140
139
139
140
140
141
141
141
141
141
142
141
140
140
139
138
138
138
139
140
139
138
138
139
140
141
141
141
140
139
140
137
137
138
139
140
141
142
141
139
139
139
139
139
140
139
140
139
141
141
141
140
140
139
140
140
140
142
142
140
140
139
140
141
141
140
139
139
139
139
138
138
137
137
138
139
137
138
141
140
139
139
140
141
142
138
139
140
141
139
139
138
138
139
141
140
139
139
139
138
137
138
141
142
139
139
141
139
138
137
139
139
138
137
139
138
138
138
139
139
139
138
139
140
139
139
140
140
139
140
142
143
142
141
141
141
140
140
140
141
140
142
143
142
141
142
141
139
139
140
140
140
139
141
141
142
142
141
141
142
142
140
141
139
138
138
139
138
136
137
136
135
137
138
138
137
138
139
139
139
138
139
140
140
139
137
138
138
138
138
139
139
139
139
138
140
140
141
141
141
139
141
141
139
140
141
142
142
142
143
141
140
141
141
142
140
143
141
142
141
141
142
141
141
141
142
142
140
140
141
140
140
141
142
141
140
139
139
140
139
138
139
139
139
139
141
141
139
139
140
138
139
140
139
140
139
138
138
137
137
138
139
139
138
138
138
138
138
137
139
141
140
140
139
138
139
139
139
140
139
139
138
137
137
138
137
136
136
138
139
141
140
140
141
142
144
143
141
141
142
141
141
141
140
139
139
139
139
138
137
136
138
139
141
141
143
144
142
142
141
141
140
140
140
139
139
139
139
139
138
137
136
138
139
141
143
141
140
140
141
141
140
139
138
137
136
137
137
137
138
140
139
139
139
138
138
138
138
138

